1,11
2,13
3,8
4,8
5,8
6,8
7,13
8,8
9,8
10,9
11,13
12,8
13,13
14,8
15,13
16,8
17,8
18,8
19,8
20,8
21,13
22,8
23,17
24,13
25,15
26,13
27,13
28,8
29,13
30,13
31,8
32,8
33,8
34,13
35,15
36,8
37,8
38,12
39,13
40,8
41,13
42,8
43,13
44,13
45,8
46,8
47,13
48,8
49,13
50,13
51,8
52,8
53,12
54,13
55,8
56,13
57,8
58,13
59,8
60,8
61,8
62,8
63,15
64,8
65,8
66,8
67,13
68,13
69,10
70,8
71,8
72,13
73,13
74,13
75,13
76,13
77,15
78,10
79,8
80,8
81,13
82,13
83,8
84,16
85,8
86,8
87,13
88,13
89,13
90,8
91,13
92,13
93,13
94,8
95,13
96,13
97,8
98,10
99,8
100,8
101,8
102,13
103,8
104,13
105,13
106,13
107,10
108,13
109,8
110,13
111,12
112,13
113,8
114,8
115,8
116,8
117,13
118,8
119,13
120,8
121,13
122,8
123,8
124,8
125,15
126,8
127,12
128,8
129,13
130,12
131,16
132,13
133,13
134,5
135,13
136,8
137,8
138,13
139,8
140,8
141,8
142,13
143,8
144,15
145,8
146,13
147,13
148,13
149,8
150,13
151,13
152,8
153,13
154,13
155,13
156,13
157,13
158,13
159,8
160,8
161,13
162,16
163,8
164,13
165,8
166,13
167,8
168,13
169,8
170,13
171,13
172,8
173,14
174,8
175,8
176,13
177,13
178,13
179,13
180,13
181,8
182,13
183,13
184,8
185,8
186,13
187,13
188,13
189,8
190,16
191,13
192,8
193,8
194,8
195,13
196,13
197,13
198,15
199,8
200,8
201,8
202,8
203,13
204,8
205,13
206,8
207,13
208,8
209,13
210,8
211,8
212,13
213,8
214,8
215,13
216,8
217,8
218,13
219,13
220,8
221,13
222,13
223,8
224,8
225,8
226,13
227,10
228,8
229,13
230,13
231,13
232,13
233,10
234,8
235,13
236,8
237,8
238,8
239,8
240,16
241,15
242,13
243,13
244,13
245,13
246,8
247,13
248,8
249,13
250,8
251,8
252,8
253,8
254,13
255,8
256,8
257,13
258,8
259,8
260,12
261,8
262,13
263,8
264,13
265,13
266,8
267,13
268,13
269,8
270,13
271,8
272,8
273,8
274,8
275,13
276,13
277,8
278,8
279,8
280,13
281,10
282,13
283,8
284,8
285,13
286,13
287,8
288,8
289,13
290,8
291,8
292,13
293,8
294,13
295,13
296,8
297,8
298,8
299,8
300,8
301,8
302,13
303,8
304,13
305,8
306,8
307,13
308,13
309,13
310,8
311,13
312,15
313,13
314,8
315,8
316,13
317,12
318,13
319,13
320,8
321,13
322,8
323,8
324,13
325,8
326,13
327,13
328,12
329,13
330,8
331,13
332,13
333,8
334,13
335,8
336,13
337,8
338,13
339,8
340,8
341,8
342,8
343,8
344,13
345,8
346,16
347,13
348,8
349,13
350,8
351,13
352,8
353,13
354,13
355,13
356,8
357,8
358,8
359,8
360,13
361,8
362,13
363,8
364,13
365,8
366,13
367,8
368,13
369,13
370,8
371,8
372,8
373,13
374,8
375,13
376,8
377,12
378,13
379,8
380,8
381,13
382,13
383,8
384,13
385,8
386,13
387,8
388,13
389,8
390,13
391,13
392,8
393,13
394,13
395,8
396,13
397,8
398,13
399,8
400,8
401,8
402,8
403,12
404,13
405,13
406,8
407,8
408,13
409,8
410,8
411,13
412,8
413,8
414,8
415,8
416,8
417,13
418,14
419,10
420,13
421,8
422,8
423,8
424,13
425,8
426,13
427,8
428,8
429,8
430,8
431,8
432,8
433,10
434,8
435,10
436,13
437,13
438,13
439,8
440,8
441,8
442,8
443,13
444,13
445,8
446,13
447,13
448,8
449,13
450,8
451,13
452,13
453,8
454,10
455,8
456,13
457,13
458,8
459,13
460,8
461,8
462,8
463,8
464,8
465,13
466,8
467,8
468,8
469,13
470,13
471,8
472,13
473,12
474,13
475,13
476,13
477,13
478,8
479,8
480,8
481,8
482,8
483,8
484,8
485,13
486,13
487,16
488,13
489,10
490,13
491,8
492,8
493,13
494,8
495,7
496,13
497,8
498,8
499,10
500,8
501,8
502,13
503,8
504,13
505,13
506,13
507,8
508,13
509,13
510,13
511,8
512,8
513,8
514,8
515,8
516,10
517,13
518,8
519,10
520,13
521,13
522,8
523,13
524,13
525,13
526,8
527,10
528,13
529,13
530,8
531,8
532,13
533,8
534,13
535,13
536,8
537,8
538,13
539,8
540,8
541,16
542,16
543,13
544,8
545,8
546,13
547,13
548,8
549,13
550,8
551,13
552,13
553,13
554,13
555,13
556,8
557,8
558,8
559,8
560,13
561,8
562,13
563,8
564,8
565,8
566,8
567,8
568,8
569,8
570,8
571,13
572,13
573,13
574,8
575,13
576,15
577,8
578,13
579,13
580,8
581,8
582,8
583,8
584,13
585,8
586,13
587,8
588,13
589,13
590,13
591,8
592,13
593,8
594,8
595,13
596,8
597,13
598,8
599,8
600,8
601,8
602,8
603,10
604,8
605,8
606,8
607,8
608,12
609,13
610,13
611,8
612,13
613,8
614,13
615,8
616,13
617,13
618,8
619,13
620,13
621,8
622,8
623,13
624,8
625,8
626,8
627,13
628,8
629,13
630,13
631,8
632,13
633,13
634,13
635,8
636,13
637,13
638,8
639,8
640,13
641,8
642,8
643,8
644,8
645,13
646,8
647,8
648,15
649,8
650,13
651,13
652,13
653,13
654,13
655,8
656,13
657,13
658,8
659,8
660,8
661,8
662,8
663,13
664,13
665,8
666,8
667,8
668,8
669,8
670,8
671,8
672,13
673,13
674,13
675,8
676,8
677,13
678,8
679,13
680,8
681,8
682,13
683,8
684,8
685,8
686,13
687,8
688,8
689,8
690,13
691,13
692,8
693,13
694,8
695,13
696,13
697,13
698,13
699,13
700,8
701,13
702,8
703,13
704,8
705,13
706,13
707,8
708,8
709,8
710,8
711,8
712,10
713,8
714,8
715,13
716,8
717,13
718,8
719,8
720,13
721,8
722,8
723,15
724,8
725,8
726,13
727,9
728,8
729,8
730,8
731,8
732,13
733,8
734,13
735,8
736,13
737,8
738,8
739,8
740,8
741,10
742,13
743,8
744,13
745,13
746,13
747,13
748,13
749,8
750,8
751,16
752,13
753,13
754,8
755,8
756,8
757,8
758,13
759,13
760,13
761,8
762,8
763,8
764,8
765,8
766,8
767,8
768,13
769,8
770,12
771,8
772,8
773,8
774,8
775,5
776,13
777,13
778,8
779,13
780,13
781,13
782,8
783,13
784,8
785,8
786,13
787,8
788,8
789,8
790,8
791,8
792,8
793,13
794,16
795,8
796,13
797,8
798,13
799,8
800,8
801,8
802,8
803,8
804,8
805,8
806,8
807,8
808,8
809,13
810,8
811,8
812,13
813,13
814,13
815,13
816,8
817,8
818,8
819,8
820,13
821,8
822,8
823,13
824,8
825,13
826,13
827,13
828,8
829,13
830,8
831,8
832,8
833,8
834,8
835,13
836,8
837,13
838,13
839,8
840,13
841,13
842,12
843,8
844,8
845,8
846,13
847,8
848,8
849,13
850,13
851,8
852,8
853,13
854,13
855,8
856,13
857,13
858,8
859,13
860,13
861,8
862,8
863,8
864,13
865,13
866,12
867,8
868,8
869,8
870,8
871,8
872,8
873,8
874,8
875,16
876,8
877,13
878,8
879,8
880,8
881,8
882,13
883,13
884,8
885,13
886,13
887,13
888,13
889,13
890,13
891,13
892,8
893,13
894,8
895,13
896,8
897,8
898,15
899,8
900,13
901,8
902,8
903,8
904,8
905,8
906,13
907,8
908,8
909,13
910,13
911,8
912,8
913,8
914,13
915,13
916,13
917,8
918,8
919,8
920,8
921,8
922,8
923,13
924,8
925,13
926,13
927,8
928,8
929,8
930,8
931,8
932,8
933,8
934,8
935,8
936,8
937,13
938,13
939,8
940,8
941,8
942,13
943,13
944,8
945,13
946,13
947,8
948,13
949,8
950,13
951,8
952,8
953,8
954,10
955,8
956,13
957,13
958,13
959,8
960,8
961,8
962,8
963,13
964,8
965,8
966,8
967,8
968,8
969,13
970,8
971,13
972,13
973,13
974,12
975,13
976,8
977,13
978,12
979,8
980,13
981,13
982,8
983,8
984,12
985,8
986,15
987,8
988,13
989,8
990,8
991,13
992,8
993,16
994,8
995,16
996,8
997,8
998,13
999,8
1000,8
1001,8
1002,13
1003,8
1004,13
1005,8
1006,8
1007,8
1008,8
1009,8
1010,12
1011,8
1012,13
1013,8
1014,8
1015,13
1016,13
1017,8
1018,13
1019,13
1020,13
1021,1
1022,8
1023,12
1024,13
1025,8
1026,13
1027,15
1028,8
1029,13
1030,8
1031,12
1032,8
1033,13
1034,8
1035,13
1036,8
1037,8
1038,13
1039,13
1040,8
1041,8
1042,8
1043,8
1044,13
1045,13
1046,13
1047,8
1048,8
1049,13
1050,13
1051,13
1052,8
1053,12
1054,10
1055,8
1056,13
1057,13
1058,8
1059,13
1060,8
1061,13
1062,13
1063,13
1064,8
1065,8
1066,8
1067,13
1068,8
1069,13
1070,8
1071,8
1072,8
1073,8
1074,8
1075,13
1076,8
1077,13
1078,8
1079,8
1080,8
1081,13
1082,8
1083,8
1084,8
1085,13
1086,13
1087,8
1088,10
1089,13
1090,13
1091,13
1092,8
1093,13
1094,8
1095,8
1096,8
1097,8
1098,8
1099,8
1100,13
1101,8
1102,13
1103,8
1104,12
1105,8
1106,8
1107,13
1108,8
1109,13
1110,8
1111,13
1112,8
1113,8
1114,13
1115,13
1116,8
1117,13
1118,8
1119,8
1120,8
1121,13
1122,3
1123,13
1124,8
1125,8
1126,8
1127,13
1128,8
1129,8
1130,13
1131,8
1132,8
1133,13
1134,13
1135,8
1136,10
1137,8
1138,12
1139,8
1140,13
1141,8
1142,8
1143,8
1144,13
1145,8
1146,8
1147,8
1148,8
1149,8
1150,8
1151,8
1152,8
1153,13
1154,8
1155,8
1156,8
1157,13
1158,10
1159,8
1160,8
1161,13
1162,8
1163,8
1164,8
1165,13
1166,13
1167,13
1168,13
1169,8
1170,8
1171,8
1172,13
1173,7
1174,13
1175,13
1176,13
1177,13
1178,13
1179,8
1180,8
1181,8
1182,8
1183,8
1184,8
1185,8
1186,13
1187,8
1188,8
1189,13
1190,8
1191,8
1192,8
1193,13
1194,13
1195,8
1196,8
1197,16
1198,8
1199,8
1200,8
1201,8
1202,13
1203,8
1204,13
1205,13
1206,8
1207,8
1208,8
1209,8
1210,8
1211,8
1212,8
1213,15
1214,8
1215,8
1216,13
1217,8
1218,8
1219,13
1220,8
1221,13
1222,13
1223,12
1224,8
1225,8
1226,8
1227,8
1228,13
1229,8
1230,10
1231,8
1232,8
1233,8
1234,8
1235,8
1236,13
1237,13
1238,8
1239,8
1240,8
1241,8
1242,13
1243,8
1244,8
1245,13
1246,13
1247,13
1248,13
1249,13
1250,13
1251,8
1252,8
1253,13
1254,8
1255,13
1256,8
1257,8
1258,8
1259,8
1260,13
1261,8
1262,13
1263,8
1264,8
1265,13
1266,13
1267,8
1268,8
1269,8
1270,13
1271,8
1272,16
1273,13
1274,8
1275,8
1276,8
1277,13
1278,8
1279,13
1280,13
1281,8
1282,8
1283,8
1284,13
1285,13
1286,10
1287,13
1288,8
1289,8
1290,13
1291,8
1292,13
1293,13
1294,13
1295,13
1296,13
1297,8
1298,13
1299,13
1300,8
1301,8
1302,8
1303,13
1304,10
1305,8
1306,8
1307,8
1308,13
1309,13
1310,8
1311,8
1312,13
1313,13
1314,8
1315,8
1316,13
1317,8
1318,16
1319,8
1320,13
1321,8
1322,8
1323,8
1324,8
1325,8
1326,8
1327,8
1328,13
1329,8
1330,8
1331,8
1332,8
1333,8
1334,12
1335,8
1336,13
1337,13
1338,8
1339,8
1340,8
1341,8
1342,13
1343,12
1344,8
1345,8
1346,8
1347,8
1348,13
1349,8
1350,13
1351,13
1352,8
1353,8
1354,12
1355,8
1356,13
1357,13
1358,8
1359,8
1360,8
1361,13
1362,8
1363,13
1364,8
1365,8
1366,8
1367,8
1368,8
1369,13
1370,8
1371,8
1372,8
1373,8
1374,8
1375,13
1376,13
1377,13
1378,8
1379,8
1380,13
1381,13
1382,13
1383,8
1384,13
1385,8
1386,13
1387,13
1388,13
1389,8
1390,8
1391,8
1392,8
1393,8
1394,8
1395,13
1396,13
1397,8
1398,13
1399,8
1400,13
1401,8
1402,13
1403,15
1404,13
1405,8
1406,8
1407,8
1408,13
1409,13
1410,13
1411,13
1412,8
1413,13
1414,8
1415,13
1416,13
1417,13
1418,8
1419,8
1420,13
1421,8
1422,8
1423,13
1424,8
1425,13
1426,8
1427,8
1428,13
1429,13
1430,8
1431,8
1432,8
1433,8
1434,8
1435,8
1436,8
1437,8
1438,8
1439,13
1440,8
1441,8
1442,8
1443,13
1444,13
1445,13
1446,13
1447,13
1448,13
1449,8
1450,8
1451,8
1452,8
1453,8
1454,8
1455,8
1456,8
1457,13
1458,8
1459,8
1460,8
1461,8
1462,13
1463,8
1464,13
1465,8
1466,13
1467,8
1468,8
1469,13
1470,13
1471,8
1472,8
1473,13
1474,13
1475,8
1476,13
1477,8
1478,13
1479,13
1480,8
1481,13
1482,13
1483,13
1484,8
1485,13
1486,13
1487,8
1488,13
1489,13
1490,13
1491,12
1492,13
1493,8
1494,8
1495,8
1496,8
1497,8
1498,8
1499,8
1500,8
1501,13
1502,8
1503,8
1504,13
1505,8
1506,8
1507,3
1508,8
1509,13
1510,15
1511,13
1512,8
1513,8
1514,13
1515,13
1516,8
1517,8
1518,8
1519,8
1520,8
1521,8
1522,8
1523,8
1524,13
1525,13
1526,8
1527,8
1528,13
1529,13
1530,13
1531,13
1532,13
1533,8
1534,8
1535,8
1536,8
1537,12
1538,16
1539,8
1540,8
1541,12
1542,8
1543,13
1544,13
1545,13
1546,13
1547,8
1548,13
1549,8
1550,13
1551,8
1552,8
1553,8
1554,13
1555,8
1556,13
1557,8
1558,8
1559,10
1560,8
1561,13
1562,8
1563,13
1564,8
1565,13
1566,13
1567,13
1568,8
1569,8
1570,8
1571,8
1572,8
1573,8
1574,8
1575,8
1576,13
1577,8
1578,13
1579,8
1580,13
1581,8
1582,13
1583,13
1584,13
1585,12
1586,10
1587,13
1588,13
1589,13
1590,8
1591,13
1592,8
1593,8
1594,13
1595,13
1596,13
1597,13
1598,8
1599,13
1600,8
1601,13
1602,8
1603,8
1604,13
1605,13
1606,8
1607,8
1608,16
1609,8
1610,8
1611,8
1612,8
1613,13
1614,8
1615,8
1616,13
1617,8
1618,13
1619,8
1620,13
1621,13
1622,8
1623,8
1624,8
1625,8
1626,8
1627,8
1628,8
1629,13
1630,8
1631,13
1632,13
1633,8
1634,8
1635,8
1636,8
1637,8
1638,13
1639,13
1640,8
1641,13
1642,8
1643,8
1644,8
1645,8
1646,8
1647,8
1648,8
1649,8
1650,13
1651,8
1652,13
1653,8
1654,8
1655,8
1656,8
1657,13
1658,8
1659,8
1660,8
1661,8
1662,13
1663,13
1664,8
1665,8
1666,13
1667,8
1668,8
1669,8
1670,8
1671,8
1672,8
1673,13
1674,8
1675,8
1676,8
1677,13
1678,8
1679,8
1680,13
1681,13
1682,8
1683,13
1684,8
1685,8
1686,10
1687,8
1688,8
1689,15
1690,8
1691,13
1692,13
1693,13
1694,8
1695,8
1696,8
1697,8
1698,8
1699,8
1700,13
1701,13
1702,8
1703,8
1704,8
1705,8
1706,8
1707,8
1708,13
1709,8
1710,8
1711,8
1712,13
1713,8
1714,8
1715,8
1716,8
1717,8
1718,13
1719,13
1720,8
1721,8
1722,8
1723,8
1724,13
1725,8
1726,13
1727,13
1728,16
1729,13
1730,8
1731,8
1732,13
1733,8
1734,8
1735,13
1736,8
1737,13
1738,13
1739,8
1740,8
1741,8
1742,8
1743,12
1744,8
1745,8
1746,8
1747,8
1748,8
1749,8
1750,8
1751,8
1752,8
1753,8
1754,13
1755,8
1756,3
1757,8
1758,13
1759,8
1760,8
1761,12
1762,8
1763,8
1764,13
1765,8
1766,13
1767,8
1768,8
1769,8
1770,13
1771,10
1772,12
1773,8
1774,8
1775,8
1776,13
1777,13
1778,8
1779,10
1780,8
1781,13
1782,8
1783,8
1784,8
1785,8
1786,13
1787,8
1788,10
1789,8
1790,13
1791,13
1792,8
1793,8
1794,13
1795,8
1796,8
1797,8
1798,8
1799,8
1800,8
1801,13
1802,8
1803,8
1804,8
1805,13
1806,8
1807,13
1808,8
1809,8
1810,8
1811,8
1812,8
1813,13
1814,13
1815,13
1816,13
1817,8
1818,8
1819,8
1820,13
1821,16
1822,13
1823,8
1824,13
1825,13
1826,8
1827,13
1828,8
1829,8
1830,8
1831,8
1832,8
1833,8
1834,13
1835,8
1836,8
1837,8
1838,15
1839,8
1840,13
1841,8
1842,8
1843,15
1844,8
1845,8
1846,13
1847,8
1848,8
1849,8
1850,8
1851,8
1852,13
1853,8
1854,8
1855,8
1856,10
1857,13
1858,8
1859,8
1860,8
1861,8
1862,8
1863,8
1864,13
1865,8
1866,10
1867,8
1868,8
1869,8
1870,8
1871,8
1872,8
1873,13
1874,8
1875,8
1876,8
1877,8
1878,8
1879,8
1880,8
1881,8
1882,8
1883,13
1884,13
1885,13
1886,8
1887,8
1888,8
1889,8
1890,8
1891,13
1892,16
1893,13
1894,8
1895,8
1896,13
1897,8
1898,8
1899,13
1900,13
1901,8
1902,13
1903,13
1904,13
1905,8
1906,8
1907,8
1908,13
1909,13
1910,13
1911,8
1912,8
1913,13
1914,13
1915,13
1916,15
1917,8
1918,8
1919,8
1920,8
1921,8
1922,8
1923,13
1924,13
1925,13
1926,13
1927,8
1928,13
1929,13
1930,8
1931,8
1932,10
1933,8
1934,8
1935,13
1936,8
1937,10
1938,10
1939,8
1940,8
1941,10
1942,8
1943,13
1944,8
1945,13
1946,8
1947,8
1948,13
1949,8
1950,13
1951,8
1952,8
1953,8
1954,8
1955,10
1956,13
1957,8
1958,8
1959,8
1960,13
1961,13
1962,8
1963,8
1964,8
1965,13
1966,13
1967,8
1968,8
1969,8
1970,8
1971,13
1972,8
1973,8
1974,8
1975,8
1976,8
1977,8
1978,10
1979,13
1980,13
1981,8
1982,8
1983,8
1984,8
1985,8
1986,8
1987,8
1988,13
1989,13
1990,13
1991,13
1992,13
1993,8
1994,8
1995,8
1996,8
1997,8
1998,7
1999,8
2000,8
2001,8
2002,8
2003,13
2004,8
2005,8
2006,8
2007,8
2008,13
2009,8
2010,8
2011,8
2012,13
2013,8
2014,13
2015,13
2016,8
2017,13
2018,8
2019,8
2020,8
2021,8
2022,8
2023,13
2024,8
2025,13
2026,10
2027,8
2028,13
2029,8
2030,13
2031,8
2032,13
2033,8
2034,12
2035,8
2036,8
2037,8
2038,8
2039,8
2040,8
2041,8
2042,13
2043,8
2044,8
2045,13
2046,8
2047,13
2048,13
2049,8
2050,8
2051,13
2052,8
2053,13
2054,13
2055,8
2056,8
2057,8
2058,8
2059,4
2060,13
2061,8
2062,8
2063,8
2064,13
2065,8
2066,13
2067,8
2068,13
2069,8
2070,8
2071,13
2072,8
2073,8
2074,13
2075,13
2076,8
2077,8
2078,8
2079,8
2080,8
2081,8
2082,13
2083,13
2084,8
2085,8
2086,8
2087,8
2088,8
2089,8
2090,8
2091,8
2092,8
2093,8
2094,8
2095,13
2096,8
2097,13
2098,8
2099,8
2100,8
2101,8
2102,8
2103,8
2104,8
2105,8
2106,8
2107,8
2108,8
2109,13
2110,8
2111,13
2112,13
2113,8
2114,8
2115,8
2116,8
2117,8
2118,8
2119,8
2120,8
2121,8
2122,13
2123,8
2124,8
2125,13
2126,13
2127,13
2128,8
2129,13
2130,13
2131,8
2132,13
2133,8
2134,8
2135,12
2136,8
2137,13
2138,13
2139,13
2140,13
2141,13
2142,13
2143,8
2144,8
2145,8
2146,13
2147,13
2148,8
2149,13
2150,8
2151,8
2152,13
2153,8
2154,8
2155,8
2156,8
2157,8
2158,8
2159,8
2160,13
2161,8
2162,8
2163,13
2164,10
2165,8
2166,8
2167,12
2168,8
2169,8
2170,8
2171,13
2172,13
2173,15
2174,13
2175,13
2176,8
2177,5
2178,13
2179,13
2180,8
2181,8
2182,8
2183,16
2184,8
2185,8
2186,8
2187,8
2188,8
2189,8
2190,8
2191,8
2192,13
2193,13
2194,8
2195,8
2196,13
2197,13
2198,13
2199,13
2200,13
2201,13
2202,13
2203,13
2204,8
2205,8
2206,13
2207,8
2208,13
2209,13
2210,13
2211,8
2212,8
2213,5
2214,8
2215,8
2216,8
2217,8
2218,13
2219,8
2220,13
2221,8
2222,8
2223,8
2224,10
2225,13
2226,8
2227,16
2228,8
2229,13
2230,13
2231,8
2232,13
2233,13
2234,13
2235,13
2236,8
2237,8
2238,8
2239,8
2240,8
2241,13
2242,13
2243,13
2244,8
2245,8
2246,8
2247,13
2248,13
2249,13
2250,8
2251,13
2252,8
2253,8
2254,8
2255,13
2256,8
2257,13
2258,13
2259,12
2260,8
2261,8
2262,8
2263,8
2264,8
2265,13
2266,13
2267,8
2268,8
2269,8
2270,13
2271,13
2272,8
2273,8
2274,8
2275,8
2276,8
2277,13
2278,13
2279,13
2280,13
2281,13
2282,13
2283,10
2284,8
2285,8
2286,8
2287,8
2288,8
2289,13
2290,13
2291,8
2292,8
2293,8
2294,8
2295,8
2296,8
2297,16
2298,13
2299,8
2300,8
2301,13
2302,13
2303,8
2304,8
2305,8
2306,10
2307,8
2308,8
2309,8
2310,8
2311,13
2312,8
2313,8
2314,8
2315,8
2316,8
2317,13
2318,8
2319,8
2320,8
2321,13
2322,8
2323,8
2324,13
2325,13
2326,13
2327,8
2328,12
2329,13
2330,13
2331,13
2332,8
2333,8
2334,8
2335,8
2336,8
2337,8
2338,13
2339,8
2340,8
2341,8
2342,8
2343,8
2344,8
2345,13
2346,8
2347,13
2348,8
2349,10
2350,8
2351,13
2352,13
2353,8
2354,8
2355,8
2356,8
2357,8
2358,8
2359,8
2360,8
2361,8
2362,8
2363,8
2364,13
2365,8
2366,13
2367,8
2368,8
2369,8
2370,13
2371,13
2372,8
2373,8
2374,8
2375,13
2376,8
2377,12
2378,8
2379,8
2380,8
2381,8
2382,8
2383,8
2384,8
2385,13
2386,13
2387,8
2388,13
2389,8
2390,13
2391,13
2392,13
2393,13
2394,8
2395,13
2396,8
2397,8
2398,16
2399,8
2400,8
2401,13
2402,8
2403,8
2404,8
2405,10
2406,8
2407,8
2408,13
2409,8
2410,13
2411,13
2412,13
2413,8
2414,8
2415,8
2416,8
2417,13
2418,12
2419,13
2420,8
2421,8
2422,8
2423,8
2424,8
2425,8
2426,10
2427,8
2428,8
2429,8
2430,13
2431,8
2432,8
2433,8
2434,8
2435,8
2436,8
2437,8
2438,13
2439,13
2440,13
2441,8
2442,13
2443,13
2444,8
2445,10
2446,13
2447,13
2448,13
2449,8
2450,8
2451,3
2452,8
2453,8
2454,8
2455,8
2456,10
2457,8
2458,13
2459,8
2460,8
2461,8
2462,8
2463,8
2464,8
2465,8
2466,8
2467,13
2468,8
2469,8
2470,13
2471,13
2472,13
2473,13
2474,8
2475,8
2476,8
2477,13
2478,13
2479,8
2480,8
2481,8
2482,8
2483,8
2484,13
2485,8
2486,8
2487,8
2488,8
2489,8
2490,8
2491,8
2492,8
2493,8
2494,13
2495,8
2496,13
2497,8
2498,13
2499,8
2500,13
2501,8
2502,5
2503,8
2504,8
2505,8
2506,15
2507,8
2508,8
2509,8
2510,8
2511,13
2512,8
2513,8
2514,8
2515,13
2516,8
2517,8
2518,8
2519,8
2520,8
2521,8
2522,8
2523,8
2524,8
2525,8
2526,8
2527,8
2528,13
2529,13
2530,8
2531,8
2532,8
2533,8
2534,8
2535,8
2536,8
2537,8
2538,13
2539,13
2540,8
2541,8
2542,8
2543,13
2544,8
2545,8
2546,8
2547,8
2548,8
2549,8
2550,13
2551,13
2552,13
2553,8
2554,8
2555,15
2556,13
2557,10
2558,8
2559,8
2560,8
2561,8
2562,8
2563,13
2564,8
2565,8
2566,13
2567,13
2568,8
2569,8
2570,8
2571,13
2572,8
2573,13
2574,8
2575,13
2576,8
2577,13
2578,13
2579,13
2580,8
2581,13
2582,8
2583,13
2584,8
2585,12
2586,8
2587,8
2588,8
2589,13
2590,8
2591,13
2592,8
2593,8
2594,10
2595,13
2596,8
2597,13
2598,13
2599,13
2600,8
2601,8
2602,13
2603,13
2604,8
2605,8
2606,8
2607,8
2608,8
2609,8
2610,8
2611,13
2612,13
2613,13
2614,15
2615,13
2616,8
2617,13
2618,8
2619,13
2620,13
2621,10
2622,13
2623,13
2624,8
2625,10
2626,8
2627,8
2628,13
2629,8
2630,13
2631,8
2632,8
2633,13
2634,8
2635,13
2636,10
2637,8
2638,8
2639,8
2640,8
2641,10
2642,8
2643,13
2644,8
2645,13
2646,8
2647,13
2648,8
2649,8
2650,8
2651,8
2652,8
2653,8
2654,8
2655,10
2656,8
2657,8
2658,8
2659,8
2660,13
2661,13
2662,8
2663,13
2664,13
2665,13
2666,8
2667,8
2668,13
2669,8
2670,8
2671,8
2672,8
2673,13
2674,8
2675,13
2676,13
2677,8
2678,8
2679,13
2680,13
2681,8
2682,8
2683,8
2684,10
2685,8
2686,13
2687,8
2688,13
2689,13
2690,13
2691,8
2692,13
2693,8
2694,8
2695,8
2696,13
2697,8
2698,8
2699,13
2700,8
2701,15
2702,8
2703,13
2704,8
2705,8
2706,8
2707,8
2708,8
2709,8
2710,8
2711,15
2712,10
2713,8
2714,8
2715,8
2716,13
2717,8
2718,13
2719,8
2720,8
2721,8
2722,8
2723,13
2724,13
2725,8
2726,15
2727,8
2728,8
2729,8
2730,13
2731,13
2732,8
2733,12
2734,8
2735,13
2736,8
2737,8
2738,13
2739,8
2740,10
2741,8
2742,8
2743,8
2744,8
2745,13
2746,13
2747,8
2748,8
2749,8
2750,13
2751,13
2752,13
2753,13
2754,13
2755,13
2756,8
2757,13
2758,8
2759,13
2760,8
2761,13
2762,13
2763,8
2764,8
2765,8
2766,13
2767,13
2768,13
2769,8
2770,8
2771,8
2772,13
2773,13
2774,8
2775,8
2776,8
2777,8
2778,13
2779,13
2780,8
2781,13
2782,8
2783,13
2784,8
2785,8
2786,13
2787,13
2788,8
2789,13
2790,13
2791,13
2792,13
2793,13
2794,8
2795,8
2796,8
2797,8
2798,8
2799,13
2800,8
2801,8
2802,8
2803,8
2804,13
2805,8
2806,8
2807,13
2808,16
2809,8
2810,8
2811,8
2812,13
2813,12
2814,8
2815,13
2816,8
2817,8
2818,8
2819,13
2820,8
2821,8
2822,13
2823,8
2824,8
2825,13
2826,8
2827,13
2828,8
2829,8
2830,12
2831,8
2832,8
2833,8
2834,8
2835,8
2836,8
2837,8
2838,8
2839,13
2840,8
2841,10
2842,8
2843,13
2844,8
2845,13
2846,8
2847,13
2848,8
2849,13
2850,8
2851,8
2852,13
2853,13
2854,8
2855,13
2856,8
2857,8
2858,8
2859,8
2860,8
2861,8
2862,8
2863,8
2864,8
2865,12
2866,13
2867,8
2868,8
2869,13
2870,10
2871,8
2872,13
2873,13
2874,13
2875,10
2876,13
2877,8
2878,8
2879,8
2880,13
2881,12
2882,8
2883,8
2884,13
2885,13
2886,1
2887,13
2888,13
2889,8
2890,8
2891,16
2892,15
2893,8
2894,13
2895,8
2896,8
2897,8
2898,8
2899,8
2900,8
2901,8
2902,8
2903,8
2904,8
2905,8
2906,8
2907,13
2908,8
2909,8
2910,13
2911,13
2912,8
2913,8
2914,13
2915,8
2916,13
2917,8
2918,13
2919,8
2920,8
2921,13
2922,8
2923,8
2924,8
2925,13
2926,13
2927,8
2928,8
2929,8
2930,13
2931,13
2932,13
2933,8
2934,13
2935,8
2936,8
2937,8
2938,1
2939,8
2940,8
2941,8
2942,8
2943,8
2944,8
2945,8
2946,8
2947,13
2948,13
2949,8
2950,8
2951,8
2952,13
2953,8
2954,8
2955,13
2956,8
2957,13
2958,13
2959,8
2960,8
2961,8
2962,8
2963,8
2964,8
2965,13
2966,8
2967,8
2968,8
2969,8
2970,13
2971,8
2972,8
2973,13
2974,8
2975,8
2976,8
2977,8
2978,8
2979,8
2980,8
2981,8
2982,8
2983,8
2984,13
2985,8
2986,8
2987,13
2988,8
2989,8
2990,8
2991,12
2992,13
2993,8
2994,8
2995,13
2996,13
2997,13
2998,8
2999,13
3000,8
3001,13
3002,8
3003,8
3004,13
3005,8
3006,13
3007,8
3008,8
3009,12
3010,8
3011,8
3012,8
3013,8
3014,13
3015,8
3016,13
3017,13
3018,8
3019,8
3020,12
3021,8
3022,8
3023,8
3024,8
3025,13
3026,10
3027,8
3028,13
3029,13
3030,1
3031,8
3032,8
3033,13
3034,13
3035,8
3036,8
3037,13
3038,8
3039,8
3040,8
3041,8
3042,8
3043,8
3044,8
3045,8
3046,8
3047,13
3048,12
3049,8
3050,8
3051,8
3052,13
3053,8
3054,8
3055,8
3056,8
3057,8
3058,8
3059,8
3060,13
3061,10
3062,13
3063,8
3064,8
3065,8
3066,8
3067,8
3068,8
3069,8
3070,8
3071,8
3072,8
3073,8
3074,13
3075,8
3076,8
3077,15
3078,8
3079,8
3080,8
3081,10
3082,8
3083,13
3084,8
3085,13
3086,13
3087,8
3088,8
3089,13
3090,13
3091,8
3092,8
3093,8
3094,13
3095,8
3096,8
3097,8
3098,8
3099,8
3100,13
3101,8
3102,8
3103,8
3104,8
3105,8
3106,8
3107,13
3108,8
3109,8
3110,8
3111,13
3112,13
3113,8
3114,8
3115,13
3116,13
3117,13
3118,13
3119,13
3120,13
3121,13
3122,8
3123,13
3124,8
3125,8
3126,15
3127,8
3128,8
3129,8
3130,8
3131,8
3132,8
3133,8
3134,8
3135,8
3136,10
3137,13
3138,8
3139,5
3140,8
3141,8
3142,13
3143,13
3144,13
3145,13
3146,13
3147,8
3148,8
3149,8
3150,8
3151,8
3152,8
3153,13
3154,13
3155,8
3156,13
3157,16
3158,8
3159,8
3160,8
3161,8
3162,15
3163,8
3164,13
3165,8
3166,13
3167,8
3168,8
3169,8
3170,8
3171,13
3172,8
3173,8
3174,13
3175,8
3176,10
3177,8
3178,8
3179,13
3180,13
3181,8
3182,8
3183,8
3184,13
3185,13
3186,8
3187,13
3188,8
3189,13
3190,13
3191,8
3192,13
3193,13
3194,13
3195,8
3196,13
3197,8
3198,8
3199,13
3200,8
3201,8
3202,12
3203,13
3204,12
3205,13
3206,13
3207,8
3208,10
3209,8
3210,8
3211,8
3212,8
3213,8
3214,8
3215,10
3216,13
3217,8
3218,8
3219,13
3220,8
3221,8
3222,8
3223,8
3224,8
3225,8
3226,8
3227,13
3228,8
3229,8
3230,8
3231,8
3232,13
3233,13
3234,8
3235,13
3236,13
3237,8
3238,8
3239,8
3240,8
3241,13
3242,8
3243,8
3244,8
3245,8
3246,8
3247,16
3248,8
3249,13
3250,13
3251,13
3252,8
3253,8
3254,8
3255,13
3256,8
3257,8
3258,13
3259,13
3260,13
3261,13
3262,8
3263,8
3264,13
3265,8
3266,13
3267,13
3268,8
3269,13
3270,8
3271,8
3272,8
3273,13
3274,8
3275,8
3276,13
3277,8
3278,13
3279,8
3280,13
3281,8
3282,8
3283,10
3284,8
3285,12
3286,13
3287,13
3288,8
3289,13
3290,10
3291,8
3292,8
3293,13
3294,13
3295,13
3296,8
3297,8
3298,13
3299,13
3300,8
3301,13
3302,8
3303,10
3304,8
3305,13
3306,8
3307,8
3308,13
3309,13
3310,13
3311,13
3312,8
3313,8
3314,8
3315,8
3316,8
3317,8
3318,8
3319,8
3320,8
3321,8
3322,13
3323,13
3324,8
3325,8
3326,13
3327,13
3328,13
3329,13
3330,8
3331,8
3332,8
3333,8
3334,13
3335,8
3336,8
3337,8
3338,8
3339,8
3340,13
3341,8
3342,8
3343,8
3344,8
3345,6
3346,8
3347,13
3348,8
3349,8
3350,8
3351,13
3352,8
3353,8
3354,13
3355,13
3356,8
3357,13
3358,8
3359,13
3360,8
3361,16
3362,13
3363,8
3364,13
3365,8
3366,8
3367,8
3368,8
3369,8
3370,8
3371,8
3372,8
3373,8
3374,8
3375,8
3376,8
3377,8
3378,8
3379,8
3380,8
3381,8
3382,13
3383,8
3384,16
3385,8
3386,13
3387,8
3388,8
3389,8
3390,8
3391,13
3392,13
3393,8
3394,8
3395,8
3396,8
3397,12
3398,8
3399,8
3400,13
3401,8
3402,8
3403,8
3404,10
3405,13
3406,13
3407,13
3408,13
3409,13
3410,13
3411,13
3412,8
3413,10
3414,13
3415,13
3416,13
3417,8
3418,8
3419,13
3420,8
3421,10
3422,8
3423,8
3424,8
3425,8
3426,13
3427,8
3428,8
3429,8
3430,13
3431,8
3432,10
3433,8
3434,8
3435,8
3436,10
3437,8
3438,13
3439,8
3440,13
3441,8
3442,8
3443,13
3444,15
3445,13
3446,8
3447,13
3448,8
3449,8
3450,13
3451,8
3452,8
3453,13
3454,8
3455,8
3456,8
3457,8
3458,8
3459,13
3460,13
3461,8
3462,8
3463,13
3464,13
3465,8
3466,8
3467,8
3468,13
3469,13
3470,13
3471,8
3472,8
3473,8
3474,8
3475,8
3476,8
3477,13
3478,8
3479,13
3480,13
3481,13
3482,8
3483,13
3484,8
3485,8
3486,8
3487,8
3488,8
3489,8
3490,8
3491,13
3492,13
3493,13
3494,13
3495,13
3496,8
3497,8
3498,13
3499,13
3500,15
3501,13
3502,8
3503,8
3504,12
3505,8
3506,12
3507,8
3508,8
3509,8
3510,13
3511,13
3512,8
3513,13
3514,8
3515,8
3516,8
3517,8
3518,8
3519,13
3520,8
3521,8
3522,13
3523,13
3524,13
3525,13
3526,8
3527,13
3528,8
3529,8
3530,8
3531,8
3532,13
3533,8
3534,8
3535,13
3536,13
3537,13
3538,8
3539,13
3540,13
3541,13
3542,13
3543,8
3544,13
3545,13
3546,13
3547,8
3548,13
3549,8
3550,8
3551,13
3552,13
3553,8
3554,8
3555,10
3556,8
3557,8
3558,13
3559,13
3560,8
3561,13
3562,13
3563,8
3564,8
3565,8
3566,8
3567,8
3568,8
3569,8
3570,8
3571,8
3572,13
3573,8
3574,13
3575,8
3576,8
3577,8
3578,13
3579,13
3580,8
3581,13
3582,13
3583,8
3584,12
3585,8
3586,8
3587,12
3588,13
3589,8
3590,13
3591,13
3592,8
3593,13
3594,3
3595,8
3596,8
3597,8
3598,13
3599,13
3600,8
3601,13
3602,16
3603,13
3604,8
3605,8
3606,8
3607,8
3608,13
3609,8
3610,8
3611,8
3612,8
3613,13
3614,13
3615,13
3616,13
3617,13
3618,8
3619,8
3620,8
3621,8
3622,8
3623,8
3624,8
3625,13
3626,8
3627,8
3628,13
3629,8
3630,13
3631,13
3632,8
3633,8
3634,8
3635,8
3636,8
3637,8
3638,8
3639,8
3640,8
3641,8
3642,8
3643,8
3644,8
3645,8
3646,8
3647,8
3648,13
3649,8
3650,13
3651,8
3652,13
3653,8
3654,8
3655,8
3656,8
3657,8
3658,15
3659,12
3660,8
3661,8
3662,13
3663,8
3664,8
3665,8
3666,13
3667,13
3668,8
3669,8
3670,13
3671,13
3672,8
3673,8
3674,13
3675,8
3676,8
3677,8
3678,8
3679,8
3680,8
3681,8
3682,13
3683,13
3684,8
3685,13
3686,13
3687,8
3688,8
3689,8
3690,8
3691,13
3692,8
3693,13
3694,8
3695,13
3696,13
3697,8
3698,13
3699,8
3700,8
3701,8
3702,8
3703,8
3704,8
3705,8
3706,8
3707,8
3708,13
3709,8
3710,13
3711,8
3712,13
3713,10
3714,8
3715,8
3716,13
3717,8
3718,13
3719,13
3720,13
3721,8
3722,13
3723,8
3724,13
3725,8
3726,13
3727,8
3728,13
3729,8
3730,8
3731,12
3732,8
3733,8
3734,13
3735,8
3736,8
3737,13
3738,8
3739,13
3740,8
3741,8
3742,8
3743,8
3744,13
3745,13
3746,13
3747,13
3748,13
3749,13
3750,13
3751,8
3752,13
3753,8
3754,13
3755,8
3756,8
3757,13
3758,13
3759,13
3760,8
3761,13
3762,8
3763,13
3764,13
3765,13
3766,8
3767,8
3768,8
3769,8
3770,8
3771,8
3772,8
3773,8
3774,13
3775,8
3776,8
3777,13
3778,13
3779,13
3780,8
3781,13
3782,13
3783,13
3784,13
3785,13
3786,8
3787,8
3788,8
3789,8
3790,13
3791,15
3792,8
3793,13
3794,8
3795,13
3796,8
3797,13
3798,8
3799,8
3800,8
3801,13
3802,8
3803,8
3804,8
3805,13
3806,8
3807,8
3808,8
3809,13
3810,8
3811,13
3812,13
3813,8
3814,8
3815,13
3816,13
3817,8
3818,13
3819,8
3820,8
3821,8
3822,8
3823,8
3824,8
3825,13
3826,13
3827,13
3828,8
3829,13
3830,8
3831,8
3832,8
3833,8
3834,8
3835,8
3836,8
3837,13
3838,13
3839,13
3840,13
3841,13
3842,13
3843,13
3844,8
3845,8
3846,8
3847,13
3848,8
3849,13
3850,13
3851,13
3852,8
3853,8
3854,8
3855,13
3856,8
3857,13
3858,13
3859,8
3860,13
3861,13
3862,8
3863,8
3864,8
3865,8
3866,8
3867,8
3868,8
3869,13
3870,13
3871,13
3872,13
3873,8
3874,8
3875,8
3876,8
3877,8
3878,8
3879,8
3880,8
3881,13
3882,13
3883,8
3884,8
3885,8
3886,8
3887,8
3888,8
3889,13
3890,13
3891,13
3892,8
3893,8
3894,13
3895,8
3896,12
3897,10
3898,13
3899,8
3900,8
3901,8
3902,8
3903,10
3904,8
3905,13
3906,13
3907,8
3908,1
3909,13
3910,13
3911,13
3912,8
3913,13
3914,8
3915,8
3916,8
3917,8
3918,13
3919,8
3920,8
3921,8
3922,8
3923,8
3924,8
3925,10
3926,13
3927,13
3928,8
3929,13
3930,13
3931,13
3932,13
3933,7
3934,13
3935,12
3936,8
3937,13
3938,13
3939,13
3940,8
3941,8
3942,13
3943,8
3944,8
3945,8
3946,8
3947,8
3948,8
3949,13
3950,8
3951,13
3952,8
3953,8
3954,8
3955,8
3956,13
3957,13
3958,13
3959,8
3960,13
3961,13
3962,8
3963,8
3964,13
3965,8
3966,13
3967,8
3968,8
3969,8
3970,8
3971,13
3972,13
3973,13
3974,13
3975,13
3976,13
3977,8
3978,13
3979,8
3980,8
3981,8
3982,8
3983,8
3984,13
3985,8
3986,8
3987,8
3988,8
3989,13
3990,13
3991,8
3992,8
3993,8
3994,8
3995,8
3996,8
3997,16
3998,8
3999,12
4000,8
4001,8
4002,12
4003,13
4004,13
4005,13
4006,13
4007,8
4008,8
4009,13
4010,8
4011,8
4012,8
4013,8
4014,13
4015,13
4016,8
4017,8
4018,13
4019,8
4020,13
4021,13
4022,13
4023,13
4024,8
4025,13
4026,13
4027,8
4028,8
4029,13
4030,12
4031,8
4032,8
4033,8
4034,8
4035,13
4036,8
4037,13
4038,8
4039,13
4040,8
4041,8
4042,8
4043,8
4044,8
4045,8
4046,8
4047,12
4048,10
4049,13
4050,13
4051,8
4052,13
4053,13
4054,8
4055,13
4056,13
4057,13
4058,8
4059,8
4060,8
4061,13
4062,8
4063,8
4064,8
4065,8
4066,13
4067,16
4068,8
4069,13
4070,8
4071,8
4072,13
4073,8
4074,8
4075,8
4076,8
4077,8
4078,8
4079,8
4080,8
4081,13
4082,8
4083,8
4084,13
4085,13
4086,8
4087,8
4088,13
4089,13
4090,8
4091,8
4092,13
4093,13
4094,13
4095,8
4096,8
4097,8
4098,8
4099,8
4100,8
4101,8
4102,8
4103,13
4104,8
4105,8
4106,8
4107,8
4108,13
4109,13
4110,13
4111,8
4112,8
4113,8
4114,8
4115,8
4116,8
4117,8
4118,13
4119,8
4120,8
4121,8
4122,10
4123,10
4124,8
4125,8
4126,8
4127,8
4128,13
4129,8
4130,8
4131,8
4132,13
4133,8
4134,13
4135,8
4136,13
4137,12
4138,8
4139,8
4140,8
4141,8
4142,8
4143,8
4144,13
4145,8
4146,8
4147,8
4148,13
4149,10
4150,13
4151,16
4152,8
4153,8
4154,13
4155,8
4156,8
4157,8
4158,15
4159,8
4160,13
4161,10
4162,8
4163,13
4164,13
4165,8
4166,8
4167,8
4168,8
4169,8
4170,8
4171,13
4172,8
4173,8
4174,13
4175,13
4176,13
4177,8
4178,8
4179,8
4180,13
4181,13
4182,13
4183,8
4184,8
4185,13
4186,16
4187,8
4188,8
4189,8
4190,13
4191,8
4192,13
4193,12
4194,13
4195,8
4196,13
4197,8
4198,13
4199,13
4200,13
4201,8
4202,8
4203,8
4204,15
4205,13
4206,8
4207,8
4208,13
4209,8
4210,13
4211,8
4212,8
4213,13
4214,8
4215,8
4216,8
4217,13
4218,13
4219,8
4220,8
4221,13
4222,8
4223,8
4224,13
4225,13
4226,8
4227,10
4228,8
4229,13
4230,8
4231,8
4232,8
4233,8
4234,13
4235,13
4236,8
4237,10
4238,13
4239,8
4240,8
4241,5
4242,13
4243,13
4244,8
4245,13
4246,8
4247,13
4248,8
4249,8
4250,8
4251,8
4252,8
4253,13
4254,8
4255,8
4256,13
4257,8
4258,13
4259,8
4260,13
4261,8
4262,8
4263,8
4264,13
4265,13
4266,8
4267,8
4268,8
4269,13
4270,8
4271,8
4272,8
4273,8
4274,8
4275,13
4276,13
4277,13
4278,13
4279,13
4280,8
4281,13
4282,13
4283,13
4284,13
4285,8
4286,8
4287,8
4288,8
4289,8
4290,8
4291,8
4292,13
4293,13
4294,8
4295,8
4296,8
4297,8
4298,13
4299,8
4300,8
4301,8
4302,13
4303,10
4304,13
4305,13
4306,13
4307,13
4308,8
4309,8
4310,8
4311,8
4312,8
4313,13
4314,8
4315,8
4316,8
4317,8
4318,13
4319,8
4320,8
4321,8
4322,8
4323,8
4324,8
4325,13
4326,13
4327,13
4328,13
4329,13
4330,8
4331,8
4332,13
4333,13
4334,8
4335,8
4336,8
4337,13
4338,8
4339,10
4340,8
4341,8
4342,8
4343,8
4344,13
4345,8
4346,13
4347,8
4348,8
4349,13
4350,13
4351,13
4352,8
4353,13
4354,8
4355,13
4356,8
4357,13
4358,8
4359,8
4360,8
4361,13
4362,13
4363,13
4364,8
4365,8
4366,8
4367,8
4368,8
4369,8
4370,8
4371,8
4372,13
4373,13
4374,8
4375,8
4376,13
4377,8
4378,8
4379,8
4380,8
4381,13
4382,8
4383,13
4384,8
4385,8
4386,13
4387,8
4388,8
4389,13
4390,8
4391,8
4392,13
4393,8
4394,13
4395,13
4396,8
4397,8
4398,13
4399,13
4400,8
4401,8
4402,8
4403,8
4404,8
4405,8
4406,8
4407,13
4408,13
4409,8
4410,8
4411,8
4412,13
4413,8
4414,13
4415,8
4416,8
4417,13
4418,8
4419,13
4420,8
4421,8
4422,8
4423,8
4424,13
4425,8
4426,8
4427,8
4428,12
4429,8
4430,8
4431,8
4432,13
4433,8
4434,8
4435,8
4436,8
4437,8
4438,8
4439,8
4440,8
4441,13
4442,8
4443,13
4444,8
4445,13
4446,13
4447,8
4448,8
4449,8
4450,13
4451,8
4452,8
4453,13
4454,13
4455,13
4456,13
4457,8
4458,8
4459,8
4460,8
4461,16
4462,13
4463,8
4464,8
4465,8
4466,8
4467,13
4468,13
4469,13
4470,8
4471,8
4472,13
4473,8
4474,8
4475,13
4476,8
4477,13
4478,8
4479,8
4480,8
4481,8
4482,13
4483,8
4484,8
4485,13
4486,13
4487,8
4488,10
4489,13
4490,13
4491,13
4492,13
4493,13
4494,13
4495,13
4496,13
4497,8
4498,8
4499,13
4500,8
4501,8
4502,13
4503,8
4504,13
4505,13
4506,8
4507,12
4508,15
4509,13
4510,8
4511,8
4512,15
4513,13
4514,8
4515,10
4516,8
4517,8
4518,8
4519,8
4520,8
4521,8
4522,13
4523,13
4524,12
4525,8
4526,8
4527,13
4528,8
4529,8
4530,8
4531,13
4532,13
4533,8
4534,10
4535,13
4536,8
4537,8
4538,8
4539,13
4540,8
4541,13
4542,8
4543,12
4544,13
4545,15
4546,8
4547,8
4548,8
4549,12
4550,8
4551,8
4552,13
4553,8
4554,8
4555,8
4556,13
4557,8
4558,8
4559,8
4560,10
4561,8
4562,13
4563,8
4564,13
4565,13
4566,8
4567,8
4568,13
4569,8
4570,13
4571,13
4572,13
4573,8
4574,8
4575,13
4576,13
4577,8
4578,8
4579,8
4580,8
4581,8
4582,13
4583,8
4584,8
4585,8
4586,13
4587,8
4588,8
4589,8
4590,13
4591,8
4592,8
4593,8
4594,8
4595,13
4596,8
4597,13
4598,8
4599,8
4600,8
4601,8
4602,8
4603,13
4604,8
4605,8
4606,13
4607,13
4608,8
4609,13
4610,8
4611,13
4612,13
4613,8
4614,8
4615,8
4616,13
4617,8
4618,8
4619,8
4620,13
4621,13
4622,8
4623,15
4624,8
4625,8
4626,8
4627,8
4628,8
4629,8
4630,13
4631,8
4632,8
4633,8
4634,13
4635,8
4636,8
4637,8
4638,8
4639,8
4640,13
4641,13
4642,13
4643,13
4644,8
4645,8
4646,8
4647,8
4648,13
4649,13
4650,13
4651,8
4652,8
4653,16
4654,8
4655,13
4656,13
4657,8
4658,13
4659,8
4660,13
4661,13
4662,8
4663,13
4664,13
4665,13
4666,13
4667,8
4668,8
4669,13
4670,10
4671,13
4672,13
4673,16
4674,8
4675,13
4676,13
4677,8
4678,8
4679,8
4680,13
4681,13
4682,8
4683,8
4684,8
4685,8
4686,8
4687,8
4688,8
4689,13
4690,8
4691,8
4692,8
4693,8
4694,13
4695,8
4696,13
4697,8
4698,8
4699,13
4700,8
4701,8
4702,8
4703,8
4704,12
4705,13
4706,8
4707,8
4708,15
4709,13
4710,8
4711,8
4712,8
4713,8
4714,8
4715,8
4716,13
4717,8
4718,8
4719,8
4720,12
4721,13
4722,8
4723,15
4724,13
4725,8
4726,8
4727,13
4728,8
4729,8
4730,8
4731,8
4732,8
4733,8
4734,8
4735,10
4736,8
4737,10
4738,13
4739,13
4740,8
4741,8
4742,13
4743,8
4744,13
4745,12
4746,8
4747,13
4748,13
4749,13
4750,8
4751,8
4752,8
4753,8
4754,8
4755,8
4756,13
4757,8
4758,8
4759,8
4760,8
4761,8
4762,8
4763,13
4764,13
4765,13
4766,8
4767,13
4768,8
4769,8
4770,8
4771,8
4772,8
4773,13
4774,13
4775,8
4776,8
4777,8
4778,8
4779,8
4780,13
4781,8
4782,8
4783,8
4784,8
4785,13
4786,13
4787,8
4788,8
4789,8
4790,8
4791,13
4792,13
4793,13
4794,13
4795,13
4796,13
4797,8
4798,13
4799,13
4800,8
4801,8
4802,8
4803,8
4804,8
4805,13
4806,8
4807,8
4808,8
4809,8
4810,8
4811,8
4812,8
4813,8
4814,13
4815,8
4816,13
4817,8
4818,8
4819,13
4820,8
4821,13
4822,13
4823,8
4824,8
4825,8
4826,13
4827,13
4828,13
4829,8
4830,13
4831,13
4832,15
4833,8
4834,8
4835,13
4836,13
4837,8
4838,13
4839,13
4840,13
4841,12
4842,8
4843,8
4844,8
4845,13
4846,8
4847,8
4848,8
4849,13
4850,13
4851,8
4852,13
4853,8
4854,8
4855,8
4856,8
4857,13
4858,8
4859,13
4860,13
4861,13
4862,13
4863,13
4864,8
4865,8
4866,8
4867,13
4868,8
4869,8
4870,8
4871,8
4872,13
4873,8
4874,8
4875,13
4876,13
4877,8
4878,8
4879,8
4880,8
4881,13
4882,13
4883,13
4884,8
4885,8
4886,8
4887,13
4888,8
4889,8
4890,13
4891,13
4892,8
4893,8
4894,13
4895,13
4896,13
4897,12
4898,8
4899,8
4900,8
4901,8
4902,13
4903,13
4904,8
4905,13
4906,8
4907,13
4908,13
4909,8
4910,8
4911,8
4912,13
4913,8
4914,13
4915,13
4916,8
4917,8
4918,8
4919,13
4920,8
4921,13
4922,13
4923,13
4924,13
4925,13
4926,8
4927,8
4928,8
4929,8
4930,3
4931,13
4932,8
4933,13
4934,8
4935,8
4936,13
4937,8
4938,8
4939,8
4940,8
4941,8
4942,15
4943,8
4944,8
4945,8
4946,13
4947,15
4948,10
4949,10
4950,13
4951,8
4952,13
4953,13
4954,13
4955,8
4956,8
4957,13
4958,8
4959,13
4960,13
4961,13
4962,8
4963,8
4964,8
4965,8
4966,13
4967,13
4968,16
4969,8
4970,8
4971,13
4972,8
4973,8
4974,13
4975,13
4976,8
4977,13
4978,8
4979,8
4980,13
4981,8
4982,10
4983,10
4984,13
4985,8
4986,8
4987,8
4988,15
4989,13
4990,8
4991,13
4992,8
4993,13
4994,15
4995,8
4996,15
4997,12
4998,8
4999,13
5000,13
5001,8
5002,8
5003,13
5004,8
5005,8
5006,13
5007,8
5008,13
5009,13
5010,13
5011,8
5012,13
5013,13
5014,13
5015,8
5016,8
5017,8
5018,13
5019,13
5020,13
5021,13
5022,13
5023,8
5024,10
5025,13
5026,16
5027,8
5028,8
5029,13
5030,8
5031,8
5032,10
5033,13
5034,8
5035,8
5036,10
5037,13
5038,8
5039,15
5040,8
5041,8
5042,8
5043,8
5044,13
5045,13
5046,8
5047,13
5048,13
5049,8
5050,13
5051,8
5052,8
5053,8
5054,8
5055,8
5056,13
5057,8
5058,13
5059,8
5060,13
5061,13
5062,13
5063,8
5064,13
5065,8
5066,8
5067,13
5068,13
5069,8
5070,13
5071,8
5072,13
5073,13
5074,13
5075,8
5076,8
5077,8
5078,8
5079,8
5080,8
5081,13
5082,8
5083,8
5084,8
5085,13
5086,13
5087,13
5088,8
5089,13
5090,13
5091,8
5092,8
5093,8
5094,8
5095,13
5096,13
5097,8
5098,8
5099,8
5100,13
5101,8
5102,8
5103,13
5104,13
5105,13
5106,8
5107,13
5108,8
5109,8
5110,13
5111,8
5112,8
5113,13
5114,13
5115,8
5116,8
5117,8
5118,8
5119,13
5120,8
5121,8
5122,8
5123,13
5124,8
5125,8
5126,8
5127,13
5128,8
5129,8
5130,13
5131,8
5132,8
5133,10
5134,8
5135,8
5136,13
5137,8
5138,13
5139,13
5140,8
5141,8
5142,8
5143,13
5144,13
5145,8
5146,8
5147,13
5148,13
5149,8
5150,13
5151,12
5152,13
5153,8
5154,13
5155,8
5156,8
5157,2
5158,13
5159,8
5160,13
5161,13
5162,13
5163,8
5164,13
5165,13
5166,13
5167,10
5168,8
5169,13
5170,13
5171,8
5172,8
5173,13
5174,8
5175,8
5176,8
5177,8
5178,8
5179,8
5180,13
5181,13
5182,8
5183,13
5184,13
5185,8
5186,8
5187,8
5188,8
5189,8
5190,8
5191,13
5192,13
5193,8
5194,13
5195,13
5196,8
5197,8
5198,8
5199,8
5200,8
5201,13
5202,8
5203,13
5204,13
5205,13
5206,8
5207,8
5208,13
5209,13
5210,8
5211,8
5212,8
5213,8
5214,13
5215,13
5216,8
5217,8
5218,13
5219,13
5220,8
5221,13
5222,13
5223,8
5224,8
5225,8
5226,15
5227,8
5228,8
5229,13
5230,8
5231,8
5232,13
5233,13
5234,8
5235,8
5236,8
5237,13
5238,8
5239,10
5240,8
5241,13
5242,8
5243,8
5244,8
5245,8
5246,13
5247,8
5248,8
5249,8
5250,13
5251,8
5252,8
5253,13
5254,8
5255,8
5256,8
5257,8
5258,8
5259,13
5260,8
5261,8
5262,13
5263,8
5264,8
5265,8
5266,8
5267,13
5268,13
5269,8
5270,13
5271,8
5272,8
5273,8
5274,8
5275,8
5276,13
5277,13
5278,13
5279,13
5280,8
5281,8
5282,8
5283,8
5284,13
5285,13
5286,13
5287,13
5288,13
5289,8
5290,8
5291,13
5292,8
5293,13
5294,13
5295,13
5296,8
5297,8
5298,8
5299,8
5300,8
5301,13
5302,8
5303,8
5304,8
5305,8
5306,8
5307,10
5308,8
5309,8
5310,8
5311,8
5312,13
5313,13
5314,8
5315,15
5316,8
5317,13
5318,8
5319,13
5320,13
5321,13
5322,8
5323,13
5324,8
5325,13
5326,8
5327,8
5328,13
5329,13
5330,8
5331,13
5332,8
5333,13
5334,8
5335,8
5336,13
5337,8
5338,13
5339,13
5340,13
5341,13
5342,13
5343,13
5344,8
5345,8
5346,13
5347,8
5348,8
5349,8
5350,13
5351,13
5352,13
5353,8
5354,8
5355,8
5356,8
5357,13
5358,8
5359,8
5360,13
5361,8
5362,13
5363,13
5364,8
5365,13
5366,13
5367,13
5368,8
5369,13
5370,13
5371,8
5372,8
5373,8
5374,8
5375,13
5376,13
5377,8
5378,8
5379,13
5380,8
5381,13
5382,8
5383,8
5384,13
5385,13
5386,13
5387,13
5388,8
5389,13
5390,8
5391,8
5392,13
5393,8
5394,13
5395,13
5396,8
5397,13
5398,15
5399,13
5400,8
5401,13
5402,13
5403,8
5404,13
5405,13
5406,13
5407,13
5408,13
5409,8
5410,13
5411,13
5412,13
5413,8
5414,8
5415,8
5416,8
5417,13
5418,8
5419,13
5420,8
5421,13
5422,13
5423,13
5424,13
5425,13
5426,8
5427,13
5428,10
5429,8
5430,13
5431,13
5432,8
5433,8
5434,10
5435,8
5436,13
5437,8
5438,8
5439,13
5440,8
5441,13
5442,13
5443,8
5444,8
5445,8
5446,13
5447,13
5448,13
5449,8
5450,8
5451,8
5452,8
5453,8
5454,8
5455,8
5456,13
5457,13
5458,8
5459,8
5460,10
5461,8
5462,8
5463,12
5464,13
5465,13
5466,13
5467,13
5468,8
5469,8
5470,8
5471,8
5472,8
5473,13
5474,13
5475,8
5476,13
5477,8
5478,8
5479,13
5480,13
5481,8
5482,8
5483,12
5484,8
5485,8
5486,8
5487,8
5488,8
5489,13
5490,13
5491,13
5492,13
5493,8
5494,8
5495,8
5496,8
5497,8
5498,8
5499,13
5500,13
5501,8
5502,8
5503,8
5504,13
5505,13
5506,8
5507,8
5508,8
5509,13
5510,8
5511,8
5512,8
5513,8
5514,10
5515,8
5516,8
5517,13
5518,13
5519,13
5520,8
5521,8
5522,8
5523,13
5524,8
5525,8
5526,13
5527,13
5528,8
5529,13
5530,8
5531,8
5532,8
5533,8
5534,13
5535,13
5536,8
5537,8
5538,8
5539,13
5540,8
5541,13
5542,13
5543,13
5544,8
5545,8
5546,8
5547,8
5548,8
5549,13
5550,13
5551,13
5552,13
5553,13
5554,13
5555,8
5556,8
5557,13
5558,8
5559,8
5560,13
5561,8
5562,8
5563,13
5564,8
5565,8
5566,8
5567,8
5568,8
5569,8
5570,8
5571,8
5572,13
5573,13
5574,8
5575,13
5576,8
5577,8
5578,13
5579,13
5580,10
5581,13
5582,8
5583,8
5584,8
5585,8
5586,12
5587,8
5588,8
5589,13
5590,10
5591,13
5592,8
5593,13
5594,8
5595,8
5596,13
5597,13
5598,8
5599,13
5600,8
5601,13
5602,13
5603,8
5604,13
5605,13
5606,13
5607,13
5608,8
5609,13
5610,13
5611,8
5612,8
5613,13
5614,8
5615,12
5616,8
5617,8
5618,8
5619,13
5620,13
5621,8
5622,8
5623,13
5624,8
5625,8
5626,8
5627,8
5628,8
5629,13
5630,8
5631,8
5632,8
5633,8
5634,13
5635,8
5636,8
5637,8
5638,8
5639,13
5640,15
5641,8
5642,16
5643,8
5644,15
5645,13
5646,8
5647,13
5648,13
5649,13
5650,8
5651,13
5652,13
5653,13
5654,13
5655,13
5656,8
5657,8
5658,8
5659,8
5660,8
5661,8
5662,8
5663,13
5664,8
5665,13
5666,8
5667,8
5668,13
5669,8
5670,13
5671,13
5672,13
5673,13
5674,13
5675,8
5676,13
5677,13
5678,8
5679,13
5680,8
5681,8
5682,8
5683,13
5684,13
5685,13
5686,13
5687,13
5688,13
5689,13
5690,13
5691,8
5692,13
5693,8
5694,13
5695,8
5696,13
5697,8
5698,13
5699,8
5700,13
5701,8
5702,8
5703,8
5704,13
5705,13
5706,13
5707,8
5708,13
5709,8
5710,13
5711,13
5712,13
5713,13
5714,13
5715,13
5716,13
5717,13
5718,8
5719,8
5720,13
5721,8
5722,13
5723,8
5724,8
5725,10
5726,13
5727,8
5728,8
5729,10
5730,13
5731,8
5732,13
5733,13
5734,8
5735,13
5736,13
5737,13
5738,8
5739,8
5740,8
5741,13
5742,8
5743,13
5744,13
5745,13
5746,13
5747,8
5748,13
5749,13
5750,13
5751,8
5752,8
5753,8
5754,8
5755,8
5756,8
5757,8
5758,8
5759,8
5760,13
5761,8
5762,8
5763,16
5764,15
5765,13
5766,8
5767,15
5768,8
5769,8
5770,8
5771,8
5772,8
5773,8
5774,13
5775,13
5776,8
5777,8
5778,8
5779,8
5780,8
5781,8
5782,13
5783,8
5784,8
5785,13
5786,8
5787,13
5788,8
5789,13
5790,13
5791,8
5792,13
5793,13
5794,13
5795,8
5796,13
5797,15
5798,13
5799,12
5800,12
5801,13
5802,13
5803,13
5804,13
5805,12
5806,8
5807,13
5808,8
5809,8
5810,13
5811,8
5812,8
5813,13
5814,8
5815,10
5816,8
5817,15
5818,8
5819,8
5820,8
5821,13
5822,13
5823,8
5824,8
5825,8
5826,13
5827,8
5828,8
5829,8
5830,13
5831,8
5832,13
5833,8
5834,8
5835,8
5836,13
5837,13
5838,8
5839,8
5840,8
5841,13
5842,8
5843,8
5844,8
5845,13
5846,8
5847,8
5848,13
5849,13
5850,13
5851,13
5852,8
5853,13
5854,8
5855,8
5856,8
5857,13
5858,8
5859,13
5860,8
5861,8
5862,13
5863,8
5864,13
5865,13
5866,13
5867,10
5868,13
5869,13
5870,13
5871,13
5872,13
5873,8
5874,8
5875,8
5876,8
5877,13
5878,8
5879,13
5880,8
5881,10
5882,8
5883,13
5884,13
5885,13
5886,8
5887,13
5888,13
5889,8
5890,13
5891,8
5892,8
5893,8
5894,13
5895,8
5896,8
5897,8
5898,15
5899,8
5900,10
5901,13
5902,8
5903,15
5904,13
5905,8
5906,8
5907,13
5908,8
5909,13
5910,8
5911,8
5912,13
5913,13
5914,13
5915,8
5916,13
5917,13
5918,13
5919,8
5920,13
5921,13
5922,8
5923,8
5924,8
5925,13
5926,13
5927,13
5928,13
5929,13
5930,8
5931,8
5932,8
5933,13
5934,8
5935,8
5936,8
5937,13
5938,8
5939,8
5940,8
5941,13
5942,8
5943,13
5944,13
5945,15
5946,8
5947,12
5948,12
5949,13
5950,13
5951,8
5952,8
5953,13
5954,13
5955,13
5956,13
5957,13
5958,8
5959,8
5960,10
5961,13
5962,13
5963,8
5964,8
5965,8
5966,8
5967,13
5968,8
5969,8
5970,13
5971,8
5972,8
5973,8
5974,13
5975,8
5976,13
5977,8
5978,8
5979,8
5980,13
5981,8
5982,13
5983,8
5984,13
5985,13
5986,8
5987,8
5988,8
5989,8
5990,13
5991,13
5992,8
5993,15
5994,13
5995,8
5996,13
5997,13
5998,13
5999,8
6000,13
6001,8
6002,13
6003,13
6004,13
6005,8
6006,13
6007,8
6008,8
6009,13
6010,13
6011,8
6012,8
6013,8
6014,8
6015,13
6016,8
6017,8
6018,13
6019,8
6020,8
6021,8
6022,13
6023,8
6024,13
6025,13
6026,8
6027,8
6028,13
6029,8
6030,8
6031,8
6032,8
6033,8
6034,8
6035,8
6036,13
6037,8
6038,8
6039,8
6040,8
6041,13
6042,8
6043,13
6044,13
6045,13
6046,8
6047,8
6048,8
6049,8
6050,13
6051,8
6052,13
6053,13
6054,8
6055,13
6056,8
6057,13
6058,8
6059,13
6060,13
6061,8
6062,13
6063,8
6064,13
6065,13
6066,8
6067,8
6068,13
6069,13
6070,13
6071,8
6072,8
6073,8
6074,8
6075,8
6076,13
6077,8
6078,8
6079,13
6080,8
6081,8
6082,8
6083,8
6084,8
6085,8
6086,8
6087,13
6088,8
6089,8
6090,8
6091,13
6092,8
6093,8
6094,8
6095,8
6096,8
6097,13
6098,8
6099,13
6100,13
6101,8
6102,8
6103,13
6104,8
6105,8
6106,8
6107,13
6108,15
6109,13
6110,8
6111,13
6112,13
6113,8
6114,8
6115,8
6116,13
6117,8
6118,13
6119,8
6120,8
6121,13
6122,8
6123,13
6124,13
6125,13
6126,8
6127,8
6128,13
6129,13
6130,8
6131,13
6132,13
6133,8
6134,8
6135,8
6136,13
6137,8
6138,8
6139,13
6140,8
6141,8
6142,13
6143,8
6144,8
6145,8
6146,8
6147,13
6148,13
6149,13
6150,8
6151,13
6152,13
6153,10
6154,13
6155,8
6156,8
6157,8
6158,13
6159,13
6160,8
6161,13
6162,13
6163,8
6164,8
6165,8
6166,13
6167,13
6168,8
6169,13
6170,8
6171,13
6172,13
6173,8
6174,13
6175,13
6176,8
6177,13
6178,13
6179,13
6180,13
6181,8
6182,8
6183,8
6184,8
6185,8
6186,13
6187,13
6188,8
6189,8
6190,13
6191,13
6192,13
6193,13
6194,13
6195,8
6196,13
6197,13
6198,13
6199,13
6200,13
6201,8
6202,8
6203,13
6204,13
6205,8
6206,8
6207,13
6208,8
6209,8
6210,8
6211,8
6212,8
6213,13
6214,8
6215,13
6216,8
6217,8
6218,8
6219,8
6220,13
6221,8
6222,8
6223,8
6224,8
6225,13
6226,16
6227,13
6228,8
6229,8
6230,13
6231,8
6232,8
6233,13
6234,13
6235,13
6236,8
6237,8
6238,13
6239,13
6240,8
6241,8
6242,13
6243,8
6244,8
6245,12
6246,13
6247,13
6248,13
6249,8
6250,13
6251,10
6252,15
6253,8
6254,13
6255,8
6256,13
6257,13
6258,13
6259,8
6260,13
6261,13
6262,13
6263,8
6264,8
6265,8
6266,10
6267,13
6268,8
6269,8
6270,8
6271,13
6272,13
6273,13
6274,13
6275,8
6276,15
6277,8
6278,13
6279,8
6280,8
6281,8
6282,13
6283,8
6284,13
6285,13
6286,13
6287,13
6288,8
6289,13
6290,8
6291,8
6292,8
6293,8
6294,10
6295,8
6296,13
6297,13
6298,13
6299,8
6300,13
6301,13
6302,13
6303,13
6304,13
6305,8
6306,13
6307,13
6308,8
6309,8
6310,13
6311,13
6312,8
6313,13
6314,8
6315,13
6316,13
6317,13
6318,8
6319,13
6320,13
6321,8
6322,8
6323,8
6324,8
6325,13
6326,10
6327,8
6328,8
6329,12
6330,8
6331,13
6332,8
6333,13
6334,8
6335,8
6336,13
6337,13
6338,8
6339,8
6340,13
6341,12
6342,8
6343,8
6344,8
6345,8
6346,8
6347,10
6348,8
6349,13
6350,8
6351,8
6352,13
6353,13
6354,8
6355,13
6356,8
6357,8
6358,13
6359,15
6360,13
6361,8
6362,13
6363,13
6364,13
6365,8
6366,8
6367,13
6368,13
6369,13
6370,8
6371,8
6372,8
6373,13
6374,8
6375,13
6376,8
6377,13
6378,8
6379,13
6380,13
6381,13
6382,13
6383,8
6384,13
6385,13
6386,8
6387,13
6388,13
6389,13
6390,13
6391,8
6392,13
6393,13
6394,13
6395,13
6396,12
6397,13
6398,8
6399,8
6400,13
6401,13
6402,8
6403,13
6404,8
6405,13
6406,13
6407,13
6408,8
6409,8
6410,8
6411,8
6412,8
6413,13
6414,8
6415,13
6416,13
6417,8
6418,13
6419,13
6420,8
6421,8
6422,13
6423,13
6424,13
6425,8
6426,8
6427,13
6428,13
6429,13
6430,8
6431,13
6432,8
6433,8
6434,13
6435,8
6436,13
6437,8
6438,8
6439,13
6440,10
6441,8
6442,13
6443,8
6444,8
6445,13
6446,8
6447,12
6448,13
6449,8
6450,13
6451,13
6452,8
6453,13
6454,13
6455,13
6456,8
6457,13
6458,8
6459,13
6460,8
6461,13
6462,13
6463,8
6464,13
6465,8
6466,8
6467,8
6468,8
6469,8
6470,13
6471,13
6472,13
6473,13
6474,13
6475,8
6476,8
6477,13
6478,13
6479,13
6480,13
6481,13
6482,8
6483,13
6484,8
6485,13
6486,13
6487,13
6488,13
6489,13
6490,8
6491,13
6492,8
6493,10
6494,8
6495,8
6496,15
6497,8
6498,13
6499,8
6500,13
6501,8
6502,8
6503,8
6504,13
6505,13
6506,8
6507,8
6508,13
6509,8
6510,8
6511,8
6512,8
6513,13
6514,8
6515,13
6516,8
6517,13
6518,13
6519,8
6520,8
6521,8
6522,13
6523,8
6524,8
6525,8
6526,8
6527,10
6528,13
6529,15
6530,8
6531,13
6532,8
6533,8
6534,8
6535,8
6536,8
6537,13
6538,10
6539,13
6540,8
6541,8
6542,13
6543,8
6544,8
6545,8
6546,8
6547,8
6548,13
6549,13
6550,8
6551,8
6552,8
6553,8
6554,13
6555,13
6556,13
6557,8
6558,8
6559,8
6560,8
6561,8
6562,8
6563,13
6564,8
6565,13
6566,8
6567,13
6568,8
6569,8
6570,12
6571,13
6572,8
6573,8
6574,13
6575,13
6576,8
6577,8
6578,10
6579,8
6580,13
6581,13
6582,8
6583,13
6584,8
6585,13
6586,8
6587,8
6588,8
6589,8
6590,8
6591,8
6592,8
6593,13
6594,8
6595,8
6596,13
6597,13
6598,8
6599,8
6600,8
6601,8
6602,8
6603,13
6604,8
6605,13
6606,8
6607,13
6608,13
6609,8
6610,10
6611,13
6612,13
6613,8
6614,13
6615,8
6616,8
6617,8
6618,13
6619,10
6620,8
6621,13
6622,8
6623,8
6624,8
6625,8
6626,8
6627,13
6628,8
6629,8
6630,8
6631,8
6632,8
6633,13
6634,8
6635,13
6636,8
6637,8
6638,13
6639,8
6640,8
6641,13
6642,8
6643,8
6644,13
6645,10
6646,8
6647,8
6648,8
6649,8
6650,13
6651,8
6652,13
6653,13
6654,8
6655,8
6656,8
6657,10
6658,13
6659,13
6660,8
6661,8
6662,13
6663,13
6664,8
6665,13
6666,13
6667,8
6668,16
6669,8
6670,8
6671,8
6672,8
6673,8
6674,8
6675,13
6676,15
6677,8
6678,8
6679,8
6680,13
6681,13
6682,8
6683,8
6684,8
6685,8
6686,13
6687,13
6688,8
6689,8
6690,13
6691,8
6692,8
6693,8
6694,8
6695,13
6696,13
6697,13
6698,8
6699,8
6700,8
6701,13
6702,8
6703,8
6704,8
6705,13
6706,8
6707,8
6708,8
6709,13
6710,13
6711,8
6712,8
6713,8
6714,8
6715,8
6716,13
6717,8
6718,8
6719,15
6720,13
6721,8
6722,8
6723,8
6724,10
6725,8
6726,13
6727,13
6728,13
6729,8
6730,13
6731,13
6732,8
6733,13
6734,13
6735,13
6736,8
6737,13
6738,8
6739,8
6740,13
6741,8
6742,8
6743,13
6744,8
6745,8
6746,8
6747,13
6748,8
6749,13
6750,8
6751,13
6752,13
6753,8
6754,13
6755,13
6756,8
6757,8
6758,13
6759,8
6760,8
6761,13
6762,8
6763,8
6764,8
6765,13
6766,13
6767,13
6768,13
6769,13
6770,13
6771,13
6772,13
6773,8
6774,13
6775,8
6776,13
6777,13
6778,8
6779,13
6780,8
6781,13
6782,8
6783,10
6784,13
6785,8
6786,8
6787,13
6788,8
6789,8
6790,8
6791,8
6792,8
6793,13
6794,13
6795,13
6796,8
6797,13
6798,8
6799,10
6800,13
6801,8
6802,8
6803,13
6804,1
6805,13
6806,13
6807,13
6808,13
6809,8
6810,8
6811,13
6812,13
6813,13
6814,8
6815,8
6816,13
6817,13
6818,8
6819,8
6820,13
6821,13
6822,13
6823,8
6824,13
6825,8
6826,8
6827,8
6828,8
6829,13
6830,13
6831,13
6832,8
6833,13
6834,8
6835,8
6836,13
6837,13
6838,8
6839,13
6840,8
6841,13
6842,13
6843,8
6844,8
6845,8
6846,8
6847,8
6848,13
6849,13
6850,8
6851,13
6852,13
6853,8
6854,8
6855,8
6856,8
6857,8
6858,13
6859,12
6860,8
6861,13
6862,13
6863,8
6864,8
6865,8
6866,8
6867,13
6868,8
6869,8
6870,8
6871,8
6872,8
6873,13
6874,8
6875,13
6876,13
6877,13
6878,12
6879,13
6880,13
6881,13
6882,13
6883,13
6884,8
6885,13
6886,8
6887,12
6888,13
6889,8
6890,10
6891,8
6892,8
6893,13
6894,13
6895,8
6896,13
6897,13
6898,8
6899,8
6900,8
6901,13
6902,8
6903,8
6904,8
6905,8
6906,15
6907,13
6908,13
6909,8
6910,8
6911,10
6912,16
6913,13
6914,13
6915,13
6916,13
6917,13
6918,8
6919,8
6920,8
6921,13
6922,8
6923,8
6924,10
6925,13
6926,16
6927,13
6928,13
6929,8
6930,8
6931,10
6932,13
6933,13
6934,8
6935,8
6936,8
6937,8
6938,8
6939,13
6940,8
6941,13
6942,8
6943,13
6944,13
6945,8
6946,13
6947,15
6948,13
6949,13
6950,8
6951,8
6952,13
6953,13
6954,8
6955,8
6956,13
6957,13
6958,8
6959,13
6960,13
6961,8
6962,8
6963,13
6964,8
6965,8
6966,13
6967,13
6968,13
6969,8
6970,8
6971,13
6972,13
6973,8
6974,13
6975,8
6976,8
6977,13
6978,13
6979,8
6980,8
6981,13
6982,8
6983,8
6984,13
6985,13
6986,13
6987,13
6988,8
6989,15
6990,13
6991,8
6992,8
6993,8
6994,13
6995,13
6996,8
6997,13
6998,8
6999,8
7000,8
7001,8
7002,13
7003,8
7004,13
7005,13
7006,8
7007,13
7008,13
7009,16
7010,13
7011,8
7012,8
7013,13
7014,8
7015,8
7016,8
7017,8
7018,8
7019,8
7020,10
7021,8
7022,8
7023,13
7024,8
7025,13
7026,13
7027,8
7028,13
7029,8
7030,8
7031,13
7032,8
7033,8
7034,13
7035,13
7036,8
7037,8
7038,12
7039,8
7040,13
7041,8
7042,8
7043,8
7044,13
7045,8
7046,8
7047,15
7048,13
7049,13
7050,8
7051,8
7052,8
7053,13
7054,8
7055,8
7056,8
7057,8
7058,8
7059,8
7060,8
7061,13
7062,10
7063,13
7064,13
7065,8
7066,8
7067,13
7068,8
7069,8
7070,8
7071,8
7072,8
7073,13
7074,13
7075,8
7076,13
7077,8
7078,8
7079,8
7080,8
7081,8
7082,8
7083,8
7084,13
7085,8
7086,8
7087,13
7088,13
7089,8
7090,13
7091,8
7092,8
7093,8
7094,8
7095,8
7096,16
7097,13
7098,13
7099,15
7100,10
7101,13
7102,8
7103,8
7104,13
7105,8
7106,13
7107,8
7108,8
7109,8
7110,13
7111,13
7112,13
7113,13
7114,8
7115,13
7116,8
7117,16
7118,8
7119,8
7120,15
7121,8
7122,13
7123,8
7124,13
7125,8
7126,13
7127,10
7128,8
7129,8
7130,8
7131,13
7132,8
7133,13
7134,7
7135,8
7136,8
7137,13
7138,8
7139,13
7140,8
7141,13
7142,8
7143,8
7144,16
7145,8
7146,13
7147,13
7148,8
7149,13
7150,8
7151,13
7152,13
7153,13
7154,13
7155,8
7156,8
7157,13
7158,13
7159,8
7160,8
7161,8
7162,13
7163,13
7164,13
7165,13
7166,8
7167,8
7168,13
7169,8
7170,13
7171,8
7172,8
7173,8
7174,13
7175,13
7176,13
7177,13
7178,13
7179,13
7180,13
7181,8
7182,8
7183,8
7184,8
7185,8
7186,13
7187,13
7188,8
7189,13
7190,13
7191,13
7192,13
7193,13
7194,13
7195,8
7196,8
7197,8
7198,8
7199,8
7200,8
7201,13
7202,13
7203,8
7204,8
7205,13
7206,8
7207,8
7208,8
7209,13
7210,13
7211,8
7212,13
7213,8
7214,8
7215,8
7216,13
7217,8
7218,13
7219,8
7220,13
7221,8
7222,8
7223,8
7224,13
7225,13
7226,8
7227,8
7228,13
7229,13
7230,12
7231,8
7232,8
7233,8
7234,13
7235,8
7236,8
7237,10
7238,8
7239,13
7240,8
7241,8
7242,13
7243,13
7244,8
7245,8
7246,13
7247,8
7248,8
7249,8
7250,8
7251,8
7252,13
7253,13
7254,8
7255,13
7256,8
7257,13
7258,13
7259,13
7260,8
7261,8
7262,12
7263,8
7264,8
7265,13
7266,8
7267,13
7268,8
7269,8
7270,13
7271,13
7272,13
7273,8
7274,8
7275,8
7276,8
7277,8
7278,13
7279,8
7280,10
7281,8
7282,13
7283,8
7284,8
7285,8
7286,13
7287,13
7288,13
7289,13
7290,8
7291,8
7292,8
7293,8
7294,8
7295,8
7296,13
7297,8
7298,13
7299,13
7300,8
7301,8
7302,10
7303,8
7304,13
7305,8
7306,8
7307,8
7308,13
7309,8
7310,8
7311,13
7312,13
7313,8
7314,8
7315,13
7316,13
7317,13
7318,13
7319,13
7320,13
7321,13
7322,8
7323,8
7324,8
7325,8
7326,8
7327,13
7328,8
7329,13
7330,13
7331,13
7332,13
7333,13
7334,13
7335,13
7336,8
7337,13
7338,8
7339,13
7340,8
7341,8
7342,8
7343,13
7344,8
7345,8
7346,13
7347,13
7348,13
7349,8
7350,8
7351,8
7352,8
7353,13
7354,13
7355,13
7356,8
7357,13
7358,8
7359,13
7360,13
7361,8
7362,13
7363,13
7364,8
7365,8
7366,8
7367,13
7368,8
7369,8
7370,13
7371,8
7372,13
7373,13
7374,13
7375,13
7376,13
7377,13
7378,13
7379,8
7380,8
7381,13
7382,8
7383,8
7384,8
7385,8
7386,13
7387,8
7388,8
7389,8
7390,13
7391,8
7392,1
7393,13
7394,8
7395,13
7396,8
7397,13
7398,8
7399,8
7400,8
7401,8
7402,8
7403,8
7404,13
7405,8
7406,8
7407,13
7408,13
7409,13
7410,13
7411,8
7412,13
7413,8
7414,8
7415,13
7416,13
7417,8
7418,13
7419,13
7420,13
7421,8
7422,10
7423,13
7424,13
7425,13
7426,13
7427,13
7428,13
7429,13
7430,13
7431,13
7432,8
7433,8
7434,8
7435,8
7436,8
7437,13
7438,8
7439,13
7440,15
7441,8
7442,13
7443,8
7444,13
7445,8
7446,8
7447,8
7448,8
7449,13
7450,13
7451,8
7452,13
7453,8
7454,8
7455,8
7456,13
7457,8
7458,13
7459,8
7460,13
7461,10
7462,8
7463,10
7464,13
7465,8
7466,8
7467,13
7468,8
7469,8
7470,8
7471,13
7472,13
7473,8
7474,8
7475,8
7476,13
7477,8
7478,8
7479,13
7480,13
7481,13
7482,13
7483,8
7484,13
7485,8
7486,13
7487,8
7488,8
7489,13
7490,13
7491,8
7492,13
7493,8
7494,13
7495,13
7496,13
7497,13
7498,13
7499,8
7500,15
7501,8
7502,8
7503,13
7504,8
7505,8
7506,13
7507,10
7508,8
7509,8
7510,8
7511,13
7512,13
7513,8
7514,8
7515,8
7516,8
7517,13
7518,8
7519,8
7520,13
7521,13
7522,13
7523,8
7524,13
7525,8
7526,13
7527,13
7528,13
7529,8
7530,13
7531,13
7532,10
7533,8
7534,13
7535,13
7536,13
7537,13
7538,13
7539,8
7540,13
7541,13
7542,8
7543,8
7544,13
7545,13
7546,13
7547,12
7548,13
7549,13
7550,13
7551,13
7552,13
7553,12
7554,8
7555,8
7556,13
7557,13
7558,8
7559,13
7560,13
7561,13
7562,13
7563,8
7564,13
7565,13
7566,12
7567,8
7568,13
7569,8
7570,13
7571,13
7572,13
7573,13
7574,8
7575,12
7576,13
7577,8
7578,8
7579,8
7580,10
7581,13
7582,13
7583,8
7584,13
7585,13
7586,8
7587,8
7588,8
7589,8
7590,8
7591,8
7592,13
7593,8
7594,13
7595,13
7596,10
7597,12
7598,8
7599,8
7600,8
7601,8
7602,10
7603,8
7604,8
7605,8
7606,8
7607,8
7608,16
7609,13
7610,8
7611,13
7612,13
7613,13
7614,13
7615,13
7616,13
7617,8
7618,8
7619,13
7620,8
7621,8
7622,8
7623,13
7624,13
7625,13
7626,13
7627,13
7628,8
7629,8
7630,8
7631,8
7632,13
7633,8
7634,13
7635,8
7636,8
7637,13
7638,8
7639,8
7640,13
7641,8
7642,13
7643,8
7644,8
7645,13
7646,8
7647,10
7648,13
7649,8
7650,13
7651,8
7652,13
7653,8
7654,15
7655,15
7656,8
7657,13
7658,13
7659,13
7660,8
7661,8
7662,13
7663,13
7664,13
7665,8
7666,8
7667,13
7668,13
7669,13
7670,13
7671,13
7672,8
7673,10
7674,8
7675,8
7676,8
7677,13
7678,8
7679,8
7680,13
7681,8
7682,8
7683,8
7684,8
7685,13
7686,13
7687,13
7688,8
7689,8
7690,13
7691,13
7692,8
7693,13
7694,13
7695,8
7696,8
7697,8
7698,8
7699,13
7700,8
7701,8
7702,10
7703,8
7704,8
7705,8
7706,13
7707,13
7708,12
7709,8
7710,8
7711,13
7712,8
7713,8
7714,8
7715,13
7716,8
7717,8
7718,8
7719,8
7720,13
7721,13
7722,8
7723,8
7724,8
7725,13
7726,8
7727,13
7728,13
7729,13
7730,8
7731,13
7732,13
7733,13
7734,13
7735,13
7736,8
7737,13
7738,8
7739,13
7740,13
7741,8
7742,8
7743,8
7744,13
7745,13
7746,8
7747,13
7748,8
7749,8
7750,8
7751,8
7752,12
7753,13
7754,8
7755,13
7756,8
7757,13
7758,8
7759,8
7760,13
7761,8
7762,13
7763,13
7764,12
7765,13
7766,13
7767,13
7768,13
7769,13
7770,13
7771,8
7772,8
7773,10
7774,13
7775,13
7776,13
7777,13
7778,13
7779,8
7780,8
7781,8
7782,15
7783,13
7784,8
7785,13
7786,8
7787,13
7788,8
7789,13
7790,8
7791,8
7792,13
7793,13
7794,8
7795,13
7796,8
7797,8
7798,8
7799,8
7800,13
7801,8
7802,13
7803,13
7804,8
7805,16
7806,8
7807,13
7808,8
7809,13
7810,13
7811,10
7812,8
7813,8
7814,8
7815,8
7816,8
7817,8
7818,8
7819,8
7820,13
7821,8
7822,13
7823,8
7824,8
7825,13
7826,8
7827,13
7828,8
7829,13
7830,13
7831,13
7832,13
7833,8
7834,13
7835,13
7836,13
7837,13
7838,13
7839,8
7840,8
7841,13
7842,13
7843,13
7844,13
7845,13
7846,8
7847,13
7848,8
7849,13
7850,8
7851,13
7852,8
7853,8
7854,8
7855,10
7856,8
7857,8
7858,8
7859,13
7860,13
7861,8
7862,8
7863,13
7864,13
7865,8
7866,8
7867,8
7868,8
7869,13
7870,13
7871,13
7872,8
7873,8
7874,8
7875,8
7876,8
7877,8
7878,8
7879,8
7880,13
7881,8
7882,13
7883,8
7884,13
7885,8
7886,13
7887,10
7888,8
7889,8
7890,8
7891,8
7892,8
7893,8
7894,8
7895,13
7896,8
7897,8
7898,13
7899,8
7900,8
7901,8
7902,13
7903,13
7904,13
7905,13
7906,13
7907,8
7908,13
7909,13
7910,8
7911,13
7912,13
7913,8
7914,8
7915,13
7916,8
7917,8
7918,13
7919,13
7920,8
7921,8
7922,8
7923,13
7924,8
7925,8
7926,8
7927,8
7928,8
7929,13
7930,8
7931,13
7932,8
7933,8
7934,13
7935,8
7936,8
7937,8
7938,15
7939,8
7940,8
7941,8
7942,8
7943,8
7944,8
7945,8
7946,13
7947,13
7948,8
7949,8
7950,8
7951,13
7952,8
7953,8
7954,8
7955,13
7956,8
7957,8
7958,10
7959,8
7960,8
7961,8
7962,13
7963,8
7964,8
7965,8
7966,13
7967,13
7968,13
7969,8
7970,8
7971,8
7972,13
7973,13
7974,13
7975,8
7976,8
7977,13
7978,13
7979,13
7980,13
7981,13
7982,15
7983,8
7984,13
7985,8
7986,13
7987,13
7988,13
7989,8
7990,13
7991,8
7992,8
7993,13
7994,13
7995,13
7996,13
7997,8
7998,13
7999,8
8000,13
8001,8
8002,8
8003,8
8004,8
8005,8
8006,13
8007,8
8008,8
8009,8
8010,8
8011,13
8012,13
8013,8
8014,8
8015,13
8016,8
8017,13
8018,8
8019,13
8020,13
8021,8
8022,8
8023,13
8024,13
8025,8
8026,8
8027,13
8028,13
8029,8
8030,13
8031,8
8032,13
8033,8
8034,8
8035,8
8036,13
8037,13
8038,13
8039,13
8040,13
8041,13
8042,13
8043,8
8044,13
8045,13
8046,8
8047,13
8048,8
8049,8
8050,8
8051,13
8052,8
8053,8
8054,13
8055,8
8056,8
8057,13
8058,13
8059,13
8060,8
8061,13
8062,13
8063,8
8064,8
8065,8
8066,8
8067,8
8068,13
8069,13
8070,13
8071,13
8072,8
8073,13
8074,8
8075,13
8076,8
8077,8
8078,8
8079,8
8080,8
8081,13
8082,13
8083,13
8084,13
8085,10
8086,13
8087,13
8088,8
8089,15
8090,13
8091,8
8092,8
8093,8
8094,13
8095,8
8096,13
8097,10
8098,13
8099,13
8100,8
8101,8
8102,8
8103,10
8104,8
8105,8
8106,8
8107,13
8108,13
8109,8
8110,12
8111,8
8112,13
8113,8
8114,8
8115,8
8116,13
8117,13
8118,8
8119,8
8120,8
8121,8
8122,13
8123,1
8124,8
8125,10
8126,13
8127,13
8128,8
8129,13
8130,8
8131,8
8132,8
8133,8
8134,8
8135,13
8136,8
8137,13
8138,13
8139,8
8140,13
8141,13
8142,8
8143,13
8144,8
8145,8
8146,8
8147,13
8148,13
8149,13
8150,8
8151,13
8152,8
8153,13
8154,13
8155,8
8156,13
8157,10
8158,8
8159,13
8160,8
8161,15
8162,13
8163,8
8164,8
8165,13
8166,8
8167,15
8168,15
8169,8
8170,13
8171,10
8172,13
8173,8
8174,8
8175,8
8176,8
8177,8
8178,13
8179,8
8180,8
8181,8
8182,13
8183,13
8184,13
8185,8
8186,8
8187,8
8188,13
8189,8
8190,8
8191,8
8192,13
8193,13
8194,8
8195,8
8196,13
8197,13
8198,8
8199,13
8200,8
8201,8
8202,12
8203,8
8204,13
8205,13
8206,8
8207,10
8208,8
8209,8
8210,8
8211,13
8212,8
8213,8
8214,8
8215,8
8216,13
8217,8
8218,13
8219,8
8220,8
8221,8
8222,8
8223,8
8224,8
8225,13
8226,8
8227,13
8228,13
8229,8
8230,8
8231,8
8232,8
8233,13
8234,8
8235,13
8236,13
8237,13
8238,8
8239,13
8240,13
8241,8
8242,13
8243,13
8244,13
8245,8
8246,13
8247,8
8248,10
8249,13
8250,13
8251,13
8252,8
8253,13
8254,8
8255,13
8256,8
8257,8
8258,8
8259,8
8260,10
8261,8
8262,13
8263,13
8264,8
8265,13
8266,13
8267,13
8268,8
8269,8
8270,8
8271,13
8272,13
8273,8
8274,13
8275,13
8276,8
8277,8
8278,8
8279,8
8280,8
8281,13
8282,8
8283,10
8284,13
8285,13
8286,13
8287,8
8288,13
8289,8
8290,13
8291,8
8292,8
8293,8
8294,8
8295,8
8296,8
8297,13
8298,8
8299,8
8300,13
8301,8
8302,13
8303,8
8304,8
8305,13
8306,8
8307,16
8308,8
8309,8
8310,8
8311,8
8312,13
8313,8
8314,15
8315,8
8316,8
8317,8
8318,13
8319,8
8320,8
8321,8
8322,8
8323,8
8324,13
8325,8
8326,8
8327,13
8328,8
8329,8
8330,13
8331,8
8332,13
8333,13
8334,13
8335,13
8336,8
8337,8
8338,13
8339,13
8340,13
8341,8
8342,8
8343,8
8344,8
8345,8
8346,8
8347,13
8348,8
8349,8
8350,8
8351,8
8352,8
8353,13
8354,13
8355,8
8356,8
8357,13
8358,8
8359,8
8360,8
8361,8
8362,13
8363,13
8364,8
8365,13
8366,13
8367,8
8368,13
8369,8
8370,8
8371,13
8372,8
8373,15
8374,8
8375,8
8376,8
8377,8
8378,8
8379,13
8380,13
8381,8
8382,13
8383,13
8384,10
8385,8
8386,8
8387,16
8388,13
8389,13
8390,8
8391,13
8392,13
8393,8
8394,13
8395,8
8396,8
8397,8
8398,8
8399,13
8400,8
8401,13
8402,13
8403,8
8404,13
8405,13
8406,13
8407,13
8408,8
8409,13
8410,13
8411,8
8412,13
8413,13
8414,8
8415,13
8416,13
8417,13
8418,8
8419,13
8420,8
8421,13
8422,8
8423,13
8424,13
8425,13
8426,13
8427,8
8428,13
8429,8
8430,13
8431,8
8432,13
8433,13
8434,13
8435,8
8436,8
8437,8
8438,13
8439,13
8440,8
8441,8
8442,13
8443,8
8444,8
8445,8
8446,8
8447,13
8448,8
8449,8
8450,8
8451,13
8452,13
8453,13
8454,8
8455,8
8456,13
8457,13
8458,13
8459,8
8460,8
8461,13
8462,13
8463,8
8464,13
8465,13
8466,8
8467,13
8468,13
8469,13
8470,8
8471,8
8472,13
8473,13
8474,8
8475,13
8476,8
8477,8
8478,8
8479,8
8480,13
8481,13
8482,8
8483,8
8484,8
8485,8
8486,13
8487,13
8488,8
8489,8
8490,8
8491,8
8492,13
8493,8
8494,13
8495,13
8496,13
8497,13
8498,8
8499,8
8500,13
8501,13
8502,8
8503,13
8504,15
8505,13
8506,13
8507,13
8508,8
8509,13
8510,13
8511,13
8512,8
8513,13
8514,8
8515,8
8516,8
8517,13
8518,13
8519,13
8520,8
8521,13
8522,13
8523,8
8524,8
8525,13
8526,8
8527,13
8528,8
8529,8
8530,8
8531,8
8532,12
8533,8
8534,13
8535,8
8536,8
8537,13
8538,13
8539,8
8540,13
8541,8
8542,13
8543,8
8544,13
8545,10
8546,13
8547,8
8548,13
8549,13
8550,8
8551,8
8552,13
8553,8
8554,13
8555,8
8556,8
8557,13
8558,13
8559,10
8560,13
8561,8
8562,8
8563,8
8564,13
8565,13
8566,8
8567,13
8568,13
8569,13
8570,8
8571,8
8572,8
8573,8
8574,13
8575,13
8576,8
8577,13
8578,8
8579,8
8580,15
8581,8
8582,13
8583,13
8584,8
8585,8
8586,13
8587,8
8588,15
8589,8
8590,13
8591,8
8592,13
8593,8
8594,8
8595,13
8596,13
8597,13
8598,13
8599,8
8600,8
8601,8
8602,13
8603,8
8604,13
8605,8
8606,8
8607,8
8608,13
8609,8
8610,8
8611,13
8612,13
8613,13
8614,8
8615,8
8616,13
8617,13
8618,13
8619,8
8620,8
8621,8
8622,5
8623,13
8624,8
8625,8
8626,13
8627,8
8628,13
8629,13
8630,13
8631,10
8632,8
8633,8
8634,13
8635,13
8636,8
8637,13
8638,8
8639,13
8640,8
8641,13
8642,13
8643,8
8644,13
8645,8
8646,13
8647,13
8648,8
8649,8
8650,8
8651,8
8652,15
8653,8
8654,13
8655,8
8656,8
8657,13
8658,13
8659,8
8660,13
8661,8
8662,8
8663,8
8664,13
8665,13
8666,8
8667,13
8668,13
8669,8
8670,13
8671,8
8672,13
8673,8
8674,8
8675,8
8676,8
8677,8
8678,8
8679,8
8680,13
8681,13
8682,13
8683,8
8684,8
8685,8
8686,12
8687,8
8688,13
8689,13
8690,8
8691,13
8692,8
8693,13
8694,13
8695,8
8696,13
8697,8
8698,13
8699,13
8700,13
8701,13
8702,8
8703,8
8704,10
8705,13
8706,8
8707,8
8708,13
8709,13
8710,13
8711,13
8712,13
8713,8
8714,8
8715,13
8716,8
8717,13
8718,8
8719,13
8720,13
8721,8
8722,13
8723,8
8724,8
8725,8
8726,8
8727,13
8728,8
8729,13
8730,8
8731,13
8732,13
8733,13
8734,13
8735,8
8736,8
8737,8
8738,13
8739,13
8740,13
8741,13
8742,13
8743,8
8744,13
8745,13
8746,8
8747,13
8748,8
8749,8
8750,8
8751,8
8752,13
8753,13
8754,13
8755,13
8756,13
8757,8
8758,10
8759,8
8760,8
8761,12
8762,8
8763,8
8764,8
8765,8
8766,13
8767,10
8768,13
8769,8
8770,8
8771,8
8772,8
8773,13
8774,8
8775,8
8776,13
8777,13
8778,13
8779,8
8780,8
8781,13
8782,13
8783,8
8784,8
8785,8
8786,13
8787,13
8788,13
8789,8
8790,8
8791,8
8792,8
8793,13
8794,13
8795,8
8796,13
8797,8
8798,8
8799,13
8800,8
8801,8
8802,13
8803,8
8804,8
8805,13
8806,8
8807,8
8808,8
8809,8
8810,13
8811,8
8812,12
8813,8
8814,13
8815,8
8816,13
8817,13
8818,8
8819,8
8820,13
8821,13
8822,13
8823,10
8824,13
8825,13
8826,8
8827,8
8828,8
8829,13
8830,13
8831,8
8832,8
8833,8
8834,8
8835,8
8836,8
8837,13
8838,8
8839,8
8840,8
8841,13
8842,15
8843,13
8844,8
8845,8
8846,8
8847,8
8848,8
8849,8
8850,13
8851,13
8852,10
8853,13
8854,8
8855,13
8856,8
8857,8
8858,8
8859,13
8860,10
8861,8
8862,13
8863,13
8864,10
8865,13
8866,15
8867,13
8868,13
8869,8
8870,13
8871,8
8872,8
8873,8
8874,13
8875,13
8876,13
8877,13
8878,8
8879,8
8880,8
8881,13
8882,8
8883,8
8884,13
8885,13
8886,13
8887,13
8888,13
8889,8
8890,13
8891,8
8892,8
8893,8
8894,15
8895,8
8896,13
8897,8
8898,8
8899,13
8900,13
8901,8
8902,13
8903,8
8904,8
8905,8
8906,8
8907,13
8908,8
8909,8
8910,13
8911,8
8912,8
8913,8
8914,8
8915,8
8916,13
8917,13
8918,8
8919,15
8920,13
8921,13
8922,13
8923,8
8924,8
8925,13
8926,8
8927,8
8928,13
8929,8
8930,8
8931,13
8932,8
8933,13
8934,8
8935,13
8936,13
8937,13
8938,8
8939,8
8940,8
8941,8
8942,8
8943,8
8944,8
8945,8
8946,8
8947,8
8948,8
8949,8
8950,8
8951,10
8952,8
8953,8
8954,13
8955,13
8956,8
8957,8
8958,10
8959,8
8960,8
8961,8
8962,13
8963,13
8964,8
8965,8
8966,13
8967,8
8968,13
8969,13
8970,13
8971,13
8972,8
8973,8
8974,8
8975,13
8976,8
8977,8
8978,13
8979,8
8980,8
8981,13
8982,8
8983,8
8984,13
8985,8
8986,8
8987,8
8988,13
8989,8
8990,8
8991,13
8992,13
8993,13
8994,8
8995,13
8996,8
8997,13
8998,13
8999,13
9000,8
9001,13
9002,8
9003,8
9004,8
9005,13
9006,13
9007,12
9008,8
9009,8
9010,13
9011,13
9012,13
9013,13
9014,10
9015,13
9016,8
9017,13
9018,8
9019,13
9020,8
9021,15
9022,8
9023,13
9024,13
9025,8
9026,13
9027,8
9028,8
9029,13
9030,12
9031,8
9032,13
9033,8
9034,8
9035,13
9036,13
9037,8
9038,13
9039,13
9040,13
9041,8
9042,8
9043,13
9044,13
9045,13
9046,8
9047,8
9048,13
9049,13
9050,13
9051,8
9052,8
9053,13
9054,8
9055,13
9056,13
9057,8
9058,8
9059,10
9060,8
9061,8
9062,13
9063,13
9064,8
9065,8
9066,8
9067,8
9068,8
9069,8
9070,13
9071,15
9072,8
9073,13
9074,8
9075,8
9076,8
9077,8
9078,13
9079,13
9080,8
9081,13
9082,8
9083,15
9084,8
9085,13
9086,13
9087,10
9088,13
9089,8
9090,8
9091,8
9092,8
9093,8
9094,8
9095,13
9096,8
9097,13
9098,8
9099,13
9100,8
9101,13
9102,13
9103,13
9104,13
9105,13
9106,13
9107,8
9108,13
9109,13
9110,13
9111,8
9112,13
9113,8
9114,8
9115,13
9116,8
9117,8
9118,8
9119,13
9120,13
9121,13
9122,8
9123,8
9124,8
9125,13
9126,13
9127,8
9128,8
9129,12
9130,8
9131,8
9132,8
9133,8
9134,13
9135,13
9136,13
9137,13
9138,8
9139,8
9140,8
9141,8
9142,8
9143,13
9144,8
9145,13
9146,13
9147,8
9148,8
9149,13
9150,13
9151,13
9152,8
9153,8
9154,8
9155,8
9156,13
9157,10
9158,15
9159,8
9160,8
9161,16
9162,8
9163,8
9164,8
9165,8
9166,8
9167,8
9168,15
9169,8
9170,13
9171,13
9172,13
9173,13
9174,13
9175,13
9176,13
9177,8
9178,13
9179,8
9180,8
9181,13
9182,8
9183,13
9184,8
9185,8
9186,8
9187,8
9188,8
9189,10
9190,15
9191,8
9192,8
9193,8
9194,8
9195,8
9196,8
9197,8
9198,8
9199,8
9200,13
9201,10
9202,8
9203,13
9204,8
9205,13
9206,8
9207,8
9208,8
9209,8
9210,8
9211,8
9212,8
9213,8
9214,13
9215,8
9216,13
9217,13
9218,8
9219,13
9220,13
9221,8
9222,13
9223,8
9224,8
9225,13
9226,8
9227,8
9228,13
9229,8
9230,13
9231,8
9232,13
9233,13
9234,8
9235,13
9236,12
9237,8
9238,8
9239,8
9240,13
9241,13
9242,8
9243,8
9244,8
9245,8
9246,8
9247,13
9248,15
9249,8
9250,13
9251,15
9252,8
9253,13
9254,13
9255,8
9256,13
9257,13
9258,8
9259,8
9260,13
9261,13
9262,13
9263,12
9264,13
9265,8
9266,8
9267,13
9268,8
9269,8
9270,13
9271,13
9272,13
9273,8
9274,8
9275,8
9276,13
9277,13
9278,13
9279,13
9280,8
9281,13
9282,8
9283,13
9284,13
9285,8
9286,13
9287,8
9288,13
9289,13
9290,8
9291,8
9292,8
9293,13
9294,8
9295,13
9296,1
9297,12
9298,13
9299,8
9300,13
9301,13
9302,8
9303,8
9304,8
9305,8
9306,8
9307,8
9308,13
9309,8
9310,13
9311,13
9312,8
9313,13
9314,13
9315,8
9316,8
9317,8
9318,8
9319,13
9320,8
9321,8
9322,8
9323,8
9324,8
9325,8
9326,13
9327,8
9328,8
9329,8
9330,8
9331,13
9332,13
9333,8
9334,13
9335,13
9336,8
9337,8
9338,8
9339,13
9340,13
9341,8
9342,8
9343,8
9344,8
9345,8
9346,13
9347,8
9348,8
9349,13
9350,8
9351,8
9352,13
9353,13
9354,13
9355,13
9356,8
9357,13
9358,8
9359,8
9360,8
9361,8
9362,8
9363,8
9364,8
9365,13
9366,8
9367,8
9368,8
9369,12
9370,13
9371,13
9372,8
9373,8
9374,8
9375,8
9376,8
9377,8
9378,8
9379,13
9380,13
9381,8
9382,8
9383,8
9384,8
9385,8
9386,8
9387,8
9388,8
9389,8
9390,13
9391,13
9392,8
9393,8
9394,8
9395,8
9396,13
9397,13
9398,8
9399,13
9400,8
9401,8
9402,8
9403,13
9404,8
9405,8
9406,13
9407,8
9408,8
9409,13
9410,13
9411,8
9412,13
9413,13
9414,13
9415,8
9416,8
9417,8
9418,8
9419,8
9420,8
9421,15
9422,13
9423,15
9424,13
9425,8
9426,13
9427,15
9428,13
9429,13
9430,13
9431,8
9432,13
9433,15
9434,8
9435,8
9436,8
9437,8
9438,8
9439,8
9440,8
9441,13
9442,13
9443,8
9444,8
9445,10
9446,12
9447,13
9448,8
9449,8
9450,8
9451,15
9452,8
9453,13
9454,8
9455,8
9456,8
9457,8
9458,13
9459,8
9460,8
9461,10
9462,8
9463,8
9464,13
9465,13
9466,8
9467,8
9468,8
9469,8
9470,8
9471,8
9472,16
9473,8
9474,8
9475,8
9476,8
9477,13
9478,8
9479,13
9480,8
9481,8
9482,8
9483,8
9484,13
9485,13
9486,13
9487,13
9488,13
9489,13
9490,8
9491,8
9492,13
9493,15
9494,13
9495,8
9496,8
9497,8
9498,13
9499,13
9500,8
9501,12
9502,13
9503,13
9504,8
9505,8
9506,8
9507,8
9508,13
9509,8
9510,13
9511,13
9512,13
9513,8
9514,13
9515,8
9516,8
9517,13
9518,13
9519,13
9520,8
9521,13
9522,8
9523,8
9524,13
9525,13
9526,8
9527,8
9528,13
9529,15
9530,8
9531,8
9532,13
9533,13
9534,8
9535,8
9536,13
9537,13
9538,8
9539,8
9540,13
9541,8
9542,8
9543,8
9544,13
9545,8
9546,13
9547,8
9548,13
9549,8
9550,13
9551,15
9552,13
9553,8
9554,8
9555,8
9556,8
9557,13
9558,8
9559,8
9560,8
9561,13
9562,13
9563,13
9564,8
9565,8
9566,8
9567,8
9568,8
9569,8
9570,13
9571,13
9572,13
9573,13
9574,8
9575,8
9576,1
9577,8
9578,8
9579,8
9580,8
9581,8
9582,8
9583,13
9584,8
9585,13
9586,13
9587,13
9588,8
9589,8
9590,13
9591,8
9592,13
9593,8
9594,8
9595,10
9596,16
9597,8
9598,15
9599,8
9600,8
9601,13
9602,13
9603,8
9604,8
9605,8
9606,8
9607,10
9608,12
9609,8
9610,12
9611,8
9612,8
9613,8
9614,8
9615,13
9616,13
9617,16
9618,13
9619,13
9620,13
9621,13
9622,12
9623,8
9624,13
9625,12
9626,12
9627,13
9628,13
9629,8
9630,8
9631,8
9632,13
9633,13
9634,13
9635,13
9636,13
9637,13
9638,8
9639,13
9640,13
9641,13
9642,13
9643,13
9644,8
9645,13
9646,8
9647,13
9648,8
9649,13
9650,8
9651,8
9652,8
9653,8
9654,8
9655,8
9656,13
9657,8
9658,13
9659,8
9660,8
9661,10
9662,8
9663,13
9664,8
9665,8
9666,8
9667,8
9668,8
9669,8
9670,8
9671,8
9672,13
9673,10
9674,8
9675,13
9676,1
9677,8
9678,13
9679,13
9680,13
9681,8
9682,8
9683,8
9684,8
9685,13
9686,8
9687,8
9688,8
9689,13
9690,13
9691,15
9692,8
9693,13
9694,8
9695,8
9696,8
9697,13
9698,8
9699,8
9700,8
9701,13
9702,8
9703,13
9704,13
9705,8
9706,10
9707,8
9708,8
9709,8
9710,8
9711,13
9712,8
9713,8
9714,13
9715,8
9716,10
9717,13
9718,8
9719,13
9720,8
9721,13
9722,8
9723,8
9724,13
9725,13
9726,8
9727,13
9728,8
9729,15
9730,8
9731,8
9732,8
9733,13
9734,8
9735,13
9736,13
9737,8
9738,13
9739,8
9740,8
9741,13
9742,13
9743,13
9744,13
9745,8
9746,8
9747,8
9748,8
9749,8
9750,8
9751,8
9752,8
9753,8
9754,13
9755,13
9756,8
9757,13
9758,12
9759,8
9760,13
9761,8
9762,8
9763,10
9764,15
9765,8
9766,13
9767,13
9768,13
9769,13
9770,13
9771,13
9772,15
9773,8
9774,8
9775,8
9776,13
9777,13
9778,8
9779,13
9780,8
9781,8
9782,8
9783,8
9784,8
9785,13
9786,8
9787,13
9788,13
9789,8
9790,8
9791,8
9792,8
9793,13
9794,13
9795,8
9796,8
9797,8
9798,13
9799,13
9800,8
9801,8
9802,8
9803,8
9804,8
9805,8
9806,8
9807,8
9808,13
9809,13
9810,13
9811,8
9812,15
9813,13
9814,13
9815,13
9816,8
9817,13
9818,5
9819,8
9820,13
9821,13
9822,8
9823,8
9824,15
9825,13
9826,8
9827,8
9828,8
9829,8
9830,10
9831,8
9832,8
9833,8
9834,13
9835,8
9836,8
9837,8
9838,7
9839,13
9840,8
9841,8
9842,13
9843,13
9844,13
9845,13
9846,8
9847,13
9848,13
9849,8
9850,13
9851,13
9852,8
9853,8
9854,13
9855,13
9856,8
9857,8
9858,13
9859,8
9860,8
9861,13
9862,8
9863,8
9864,8
9865,13
9866,8
9867,8
9868,13
9869,15
9870,8
9871,8
9872,13
9873,13
9874,8
9875,8
9876,8
9877,13
9878,13
9879,13
9880,13
9881,8
9882,8
9883,8
9884,8
9885,13
9886,8
9887,8
9888,13
9889,13
9890,13
9891,8
9892,13
9893,13
9894,13
9895,8
9896,8
9897,8
9898,10
9899,13
9900,15
9901,8
9902,15
9903,8
9904,13
9905,8
9906,8
9907,8
9908,8
9909,8
9910,13
9911,13
9912,8
9913,13
9914,13
9915,13
9916,13
9917,8
9918,13
9919,13
9920,13
9921,13
9922,13
9923,8
9924,13
9925,13
9926,8
9927,13
9928,15
9929,13
9930,8
9931,8
9932,13
9933,13
9934,8
9935,8
9936,8
9937,13
9938,8
9939,8
9940,13
9941,8
9942,13
9943,16
9944,13
9945,8
9946,8
9947,1
9948,15
9949,13
9950,13
9951,8
9952,8
9953,8
9954,8
9955,13
9956,8
9957,13
9958,8
9959,8
9960,13
9961,13
9962,8
9963,13
9964,10
9965,13
9966,8
9967,8
9968,13
9969,8
9970,13
9971,8
9972,13
9973,13
9974,8
9975,13
9976,7
9977,8
9978,13
9979,8
9980,8
9981,8
9982,8
9983,8
9984,13
9985,13
9986,13
9987,8
9988,13
9989,8
9990,8
9991,13
9992,8
9993,13
9994,8
9995,8
9996,8
9997,8
9998,8
9999,13
10000,10
10001,8
10002,8
10003,13
10004,8
10005,8
10006,8
10007,15
10008,13
10009,13
10010,8
10011,13
10012,13
10013,13
10014,8
10015,13
10016,8
10017,13
10018,13
10019,12
10020,8
10021,8
10022,8
10023,8
10024,8
10025,13
10026,8
10027,8
10028,8
10029,13
10030,15
10031,13
10032,8
10033,8
10034,13
10035,13
10036,8
10037,13
10038,8
10039,13
10040,13
10041,8
10042,8
10043,8
10044,8
10045,13
10046,8
10047,13
10048,13
10049,8
10050,8
10051,15
10052,8
10053,13
10054,8
10055,13
10056,13
10057,8
