146
116
208
186
177
64
208
107
1
38
188
197
145
240
30
261
253
299
177
1
48
226
299
259
253
240
240
291
139
240
240
259
137
162
253
240
236
177
208
240
263
58
240
2
186
253
235
154
253
235
177
240
161
240
116
240
253
249
116
261
240
177
208
177
296
240
208
177
47
1
186
247
253
186
296
236
240
261
240
223
240
240
186
253
127
161
177
93
240
261
208
240
93
177
240
93
236
261
177
177
299
177
253
186
112
236
74
261
17
249
240
236
217
208
177
240
240
208
250
240
177
116
240
236
208
240
253
299
186
236
177
236
236
240
65
253
177
240
177
1
107
240
240
226
240
256
275
11
240
263
177
215
107
240
29
262
236
85
229
93
186
240
21
113
64
177
88
34
177
240
177
275
177
253
177
42
253
299
240
296
177
177
275
177
299
240
236
240
240
188
279
240
63
247
299
240
253
177
1
186
236
253
2
240
301
240
177
240
240
253
177
261
186
240
275
253
177
188
261
299
1
177
261
261
177
186
240
177
186
208
208
107
149
299
168
247
177
145
218
236
242
177
253
161
1
208
245
240
177
212
290
110
226
25
240
168
240
240
253
257
177
240
240
253
240
240
245
177
177
208
240
177
240
261
240
240
218
88
208
93
208
218
299
72
224
208
208
218
240
177
240
240
253
253
40
186
177
240
240
240
240
177
281
177
145
240
1
34
163
240
299
274
240
186
177
177
240
51
275
34
197
240
279
177
240
290
263
240
296
208
127
240
208
160
177
186
247
240
177
38
252
188
177
85
240
161
211
208
240
188
44
253
119
236
153
240
275
181
56
240
177
186
186
299
161
240
93
85
208
87
14
240
245
301
1
240
240
44
240
256
48
218
107
1
1
240
275
236
93
177
236
87
240
281
240
240
177
177
240
177
177
214
301
208
240
177
44
107
299
93
240
253
280
287
240
177
240
218
216
177
17
212
261
177
44
240
208
177
87
236
208
177
253
208
240
177
186
250
240
177
261
113
240
93
264
1
177
253
2
226
19
74
55
177
208
253
177
208
186
215
93
240
186
240
177
1
34
261
299
240
107
44
177
216
240
177
299
240
204
58
93
240
188
208
253
208
177
240
42
240
87
177
240
65
240
253
240
65
279
205
177
240
191
67
177
296
177
235
65
240
240
240
240
263
240
240
240
168
182
1
253
240
240
186
240
208
299
272
177
210
1
240
9
38
1
236
208
164
10
301
299
62
236
240
4
177
240
299
186
240
177
275
208
240
186
161
186
240
240
240
186
161
177
107
249
299
240
236
177
186
240
177
161
210
147
88
131
72
18
261
153
153
145
208
177
301
299
240
236
177
253
275
240
226
107
5
77
177
253
261
240
145
240
208
177
240
291
72
177
261
261
253
153
300
177
177
186
177
291
177
261
177
240
177
177
240
263
28
186
240
177
286
24
177
177
186
240
235
240
153
299
177
177
300
240
1
240
240
240
212
240
99
139
261
240
295
217
237
240
240
253
16
291
208
88
1
290
299
253
240
177
240
240
240
2
177
240
230
208
145
177
107
240
301
240
217
177
212
177
144
236
245
177
240
177
240
240
290
217
38
177
197
32
87
159
281
177
240
156
267
177
88
240
298
177
186
107
168
236
240
240
236
300
97
178
240
253
186
240
240
236
186
240
275
186
240
253
91
240
299
153
177
177
93
236
195
240
240
236
265
240
240
38
197
249
161
253
291
208
240
240
208
107
2
163
177
177
240
82
177
240
291
240
240
240
240
107
202
177
240
261
177
177
240
38
161
188
93
177
275
275
240
240
240
186
240
35
218
240
208
240
240
58
236
177
93
240
177
186
240
224
178
177
217
177
240
218
240
1
240
240
275
296
161
261
240
169
1
240
145
291
281
188
240
240
240
142
208
283
283
202
253
290
290
177
290
203
261
186
178
206
256
269
283
208
208
168
282
114
256
177
267
240
251
137
240
177
292
299
271
287
291
210
177
202
208
208
282
186
2
97
228
253
240
203
191
177
240
240
286
177
121
240
240
177
253
240
204
240
218
240
218
282
301
299
240
301
279
33
186
240
240
240
253
202
293
286
240
1
240
240
186
236
107
253
186
240
38
263
299
240
240
75
261
57
217
217
177
261
93
161
240
167
301
116
161
108
168
168
162
107
161
107
165
117
177
161
153
145
153
145
168
240
164
153
102
118
153
145
217
282
93
88
240
236
240
240
177
253
240
253
93
2
237
240
218
240
299
240
203
240
253
186
218
240
240
146
203
203
227
274
97
293
109
299
212
215
177
177
202
240
202
218
127
290
282
283
235
263
177
290
247
256
240
240
170
177
240
83
83
1
240
240
275
177
236
65
177
240
186
240
240
143
240
240
240
236
240
177
193
35
275
35
275
240
240
186
65
177
177
236
240
240
236
236
236
155
237
240
156
230
267
267
177
240
177
240
240
261
177
275
236
1
177
188
240
177
212
240
240
263
219
177
1
256
215
240
240
240
208
236
240
236
236
240
177
22
14
2
295
89
96
177
240
142
41
295
240
263
301
31
188
290
218
78
13
137
263
93
281
50
58
74
155
263
240
208
226
240
208
240
288
74
178
177
186
240
177
88
197
74
186
188
240
240
253
230
299
263
240
270
259
97
197
215
177
275
122
230
12
142
263
68
208
301
274
240
207
212
240
263
186
106
2
186
69
197
186
240
177
153
301
269
177
253
20
187
239
253
2
177
240
215
240
253
177
248
263
240
295
240
97
56
240
259
208
236
177
240
217
236
240
177
78
275
275
275
275
275
275
275
275
275
197
275
281
275
279
76
275
275
278
275
275
275
299
274
275
275
275
275
275
275
240
235
208
240
281
34
253
261
108
240
236
240
240
1
240
240
161
261
93
34
34
34
34
34
34
11
56
56
203
203
65
87
240
1
301
76
76
76
177
54
186
253
177
186
225
240
293
240
240
218
155
240
281
86
208
186
240
240
240
177
223
247
240
240
236
236
290
240
177
160
299
240
1
299
44
1
197
1
177
240
93
177
177
208
240
177
215
177
217
177
300
208
177
208
177
208
291
290
165
177
208
286
240
218
208
236
240
235
46
161
291
186
291
85
72
186
261
286
177
240
247
73
153
177
291
177
6
253
1
253
38
178
217
291
177
240
263
240
240
240
177
177
291
261
177
177
93
240
291
240
62
8
177
87
177
240
240
177
240
240
253
177
107
178
208
188
240
35
240
177
168
240
253
208
113
38
177
253
240
85
177
177
17
240
208
214
100
240
208
295
208
240
88
291
240
240
15
177
107
171
259
177
74
2
161
221
81
35
161
208
240
113
240
80
226
1
253
219
177
296
44
137
2
93
240
93
240
177
240
177
141
94
229
263
226
240
186
275
240
290
72
60
208
186
299
208
240
240
93
253
177
177
186
253
277
232
177
235
190
236
240
240
236
260
169
275
291
236
292
240
240
299
217
177
240
177
291
65
240
291
263
217
240
240
255
235
37
177
240
177
253
2
240
255
291
291
235
93
153
204
77
279
240
240
240
263
240
186
163
177
240
161
299
180
161
291
299
281
299
240
34
253
85
240
240
240
240
240
218
240
177
183
253
186
253
42
240
236
38
177
186
273
291
117
93
177
82
291
275
240
240
202
77
214
253
93
292
275
50
65
208
140
236
208
270
186
57
236
65
218
93
177
186
240
65
236
299
218
69
218
222
108
240
179
240
240
162
240
240
186
188
240
208
161
214
65
107
185
253
177
88
65
72
261
291
240
177
177
240
261
218
161
240
214
240
109
97
253
253
261
177
208
177
238
177
44
240
240
214
279
177
177
236
44
2
263
93
186
186
240
240
208
177
71
240
208
240
240
101
87
177
186
186
177
121
188
299
240
281
290
240
124
188
177
253
263
127
240
236
253
177
186
240
208
145
261
289
45
177
62
249
186
240
48
35
46
161
152
296
240
177
279
256
282
300
301
240
240
97
282
240
177
240
263
177
240
263
240
240
240
240
256
218
253
283
177
240
249
282
240
59
65
240
240
240
186
253
263
240
240
177
249
212
177
116
186
275
275
275
275
275
275
275
275
275
275
275
275
275
275
275
275
275
275
275
275
275
275
275
275
275
281
281
281
275
275
275
46
46
46
197
197
116
30
177
219
296
295
212
213
2
161
163
167
172
145
65
253
266
240
58
249
253
281
178
74
208
161
161
145
295
161
161
108
166
107
161
7
161
116
177
115
120
160
145
202
108
108
161
166
111
216
107
107
93
168
177
236
253
253
185
188
267
256
240
240
240
240
177
177
240
263
249
107
147
168
148
148
161
175
175
145
241
151
123
145
145
176
153
117
34
161
153
174
161
102
194
127
147
107
240
25
263
281
208
177
184
177
218
281
240
2
103
259
281
275
245
281
281
145
177
253
61
253
177
236
223
240
240
121
177
135
177
145
150
145
173
146
146
133
177
188
253
240
197
197
177
177
161
2
253
177
186
291
231
231
281
116
116
197
240
240
253
26
253
177
44
188
177
134
193
253
299
214
299
299
299
299
244
299
290
299
274
290
240
144
240
177
240
24
58
177
1
240
236
240
240
262
274
299
177
290
240
206
235
299
299
299
202
299
208
202
240
290
299
177
240
299
218
296
240
240
263
240
240
186
186
240
177
240
188
208
186
177
177
188
177
240
177
186
49
240
177
279
208
1
208
57
177
188
299
240
121
208
290
218
240
240
240
93
34
240
240
64
281
217
217
186
240
240
240
177
297
78
186
186
253
291
240
145
177
177
253
299
177
202
177
177
247
240
240
177
65
57
240
240
288
240
240
240
281
253
177
177
261
177
36
236
186
177
261
275
275
240
236
208
218
240
93
177
240
240
277
208
291
240
177
240
23
240
296
1
240
214
177
240
186
93
146
146
177
240
240
177
240
177
240
87
87
87
26
26
26
208
20
177
177
2
186
177
1
279
177
177
177
177
177
177
161
208
240
178
253
233
177
235
186
87
157
177
208
240
240
116
168
301
95
1
95
14
14
212
212
65
65
65
65
204
28
253
177
186
177
261
240
20
20
177
208
217
188
74
279
113
113
186
240
240
240
240
177
240
261
240
240
264
240
253
186
240
299
186
279
107
120
275
275
241
279
279
279
44
178
275
275
275
275
177
275
275
240
286
52
208
121
121
177
177
240
82
95
97
216
261
240
253
208
201
177
208
240
44
246
93
208
177
240
236
159
208
291
212
177
177
240
208
240
186
299
188
177
177
208
217
240
275
275
275
275
275
177
275
240
240
240
261
65
77
295
90
34
87
87
87
87
87
1
1
240
97
236
177
59
240
184
177
240
177
240
275
87
281
261
177
280
280
177
188
240
208
145
245
235
240
240
282
145
177
57
253
253
88
208
240
177
240
240
186
295
240
217
208
44
286
177
253
184
177
188
240
208
240
177
254
186
208
177
177
88
139
235
197
240
299
240
240
240
240
77
77
139
57
27
177
240
253
253
193
177
240
1
188
237
25
208
240
196
240
278
275
275
275
275
275
240
34
34
34
34
275
275
275
275
275
275
275
275
275
275
275
275
279
199
295
185
295
295
91
295
279
295
295
295
279
300
300
208
260
240
240
188
261
236
240
253
209
240
177
186
249
145
261
236
177
240
62
236
177
240
177
188
53
155
92
240
240
253
240
177
299
291
161
275
240
240
281
240
208
197
197
177
281
7
291
88
10
208
240
227
267
240
240
240
240
240
121
240
10
177
1
186
240
275
93
186
240
240
240
198
197
2
249
186
177
204
299
275
240
1
240
240
177
240
145
299
93
226
186
186
177
177
234
177
240
177
240
208
240
236
240
299
177
197
275
275
275
275
275
177
275
177
275
275
177
177
197
177
177
177
193
177
177
145
253
85
299
186
208
214
87
87
177
158
177
93
236
275
95
95
95
95
299
240
127
137
65
236
240
79
296
161
186
240
240
293
208
93
177
208
240
299
299
218
208
249
240
160
240
240
186
261
140
240
275
275
275
299
157
186
236
177
186
240
202
177
177
240
197
275
240
177
141
66
250
177
250
145
247
275
10
10
93
240
177
208
253
161
240
208
177
263
177
65
65
253
97
301
215
276
98
279
279
281
281
240
2
253
177
240
236
240
58
177
186
177
35
235
177
253
253
301
301
177
44
240
186
253
240
240
236
240
240
240
282
208
177
177
240
261
267
284
253
253
95
286
202
1
1
1
128
96
235
161
240
64
240
240
186
208
218
240
1
240
261
134
253
127
282
263
177
281
240
245
186
208
240
236
281
299
236
63
63
104
240
1
1
1
281
1
240
275
240
177
291
177
3
240
236
186
208
299
240
236
299
240
240
177
197
177
299
275
275
275
218
65
275
177
279
301
275
275
177
65
192
177
295
212
145
191
97
192
240
177
177
177
177
177
287
186
208
240
177
215
240
240
177
263
145
299
299
177
279
186
202
74
299
299
240
300
186
240
240
125
240
177
253
301
299
177
236
240
240
278
93
186
236
275
177
177
177
240
240
263
240
264
253
240
177
208
240
208
240
299
299
253
11
240
253
65
188
240
240
240
240
93
146
240
240
256
240
275
177
267
258
177
186
240
240
240
240
186
177
177
177
177
263
240
236
95
240
2
177
240
238
263
208
240
177
261
240
286
240
221
240
24
263
253
189
161
240
153
240
240
186
240
240
65
97
240
127
240
240
97
240
186
125
252
177
240
240
186
240
236
240
46
240
240
240
236
177
139
240
240
263
1
240
203
186
240
240
299
299
275
291
97
44
240
177
240
240
145
240
240
275
240
240
299
240
240
240
240
240
208
177
218
299
177
177
177
301
236
299
177
177
177
177
177
208
240
240
178
177
299
240
249
240
177
177
186
93
70
177
253
240
188
249
177
197
57
46
93
44
138
240
240
218
277
1
44
177
240
275
236
177
1
208
127
177
145
240
240
177
299
267
259
275
240
240
236
240
186
87
178
177
236
218
268
177
188
186
177
1
301
240
177
65
282
93
186
299
240
208
177
177
178
177
186
212
236
218
240
240
240
240
220
218
240
186
236
300
279
177
263
188
275
107
275
240
177
240
275
240
208
295
299
253
208
240
240
177
179
186
227
301
39
300
294
261
240
95
301
240
295
291
263
240
240
267
186
240
1
177
249
177
177
2
97
177
177
193
208
177
161
161
161
161
145
139
240
261
65
65
39
186
240
261
186
97
218
291
240
240
125
65
178
261
177
208
240
186
240
253
217
240
155
65
65
65
65
65
227
253
240
43
43
43
95
1
72
1
290
177
240
191
240
177
186
83
253
208
240
240
253
245
177
130
177
177
296
240
193
264
240
240
127
259
275
177
296
253
277
186
240
133
240
177
240
145
299
275
295
301
279
132
275
177
97
275
143
186
240
177
240
275
186
208
240
259
186
299
186
177
301
240
261
177
253
261
240
177
208
218
261
95
177
179
240
93
208
177
186
88
253
235
177
188
177
240
177
201
208
186
177
236
292
240
186
177
285
261
240
186
282
275
299
177
261
253
93
186
299
240
186
76
161
186
186
177
240
186
240
240
279
279
279
240
77
240
65
240
240
240
70
142
240
275
218
177
186
159
87
240
177
177
177
240
202
202
216
282
177
282
247
282
192
177
236
282
146
136
177
208
145
208
177
177
177
186
245
177
93
1
236
177
281
74
177
177
177
1
299
1
240
240
84
1
186
240
301
74
301
240
177
240
279
240
275
275
236
74
240
217
240
295
296
280
280
280
280
280
280
280
44
253
177
300
216
107
107
107
282
245
236
240
236
236
301
301
243
253
188
299
295
177
177
177
177
197
197
197
197
200
88
34
129
259
225
87
87
87
32
270
240
281
275
44
240
177
240
240
177
57
57
236
208
240
177
177
240
263
157
93
197
299
57
249
261
275
240
240
218
240
264
240
208
44
218
263
208
57
105
263
240
208
240
146
177
74
146
38
240
275
260
153
177
218
275
64
64
253
95
95
95
1
126
2
275
177
177
153
153
197
186
295
295
57
57
218
177
197
177
177
249
240
240
240
301
87
186
240
292
299
299
145
253
249
87
240
177
20
301
2
263
177
261
263
177
240
177
240
186
202
177
160
177
253
240
253
240
280
87
177
201
177
275
279
128
299
55
275
275
275
275
44
275
275
240
240
177
275
261
299
235
177
177
240
253
253
299
177
236
217
177
177
296
34
185
177
240
177
177
240
264
240
216
208
275
240
24
295
1
236
236
177
186
177
208
240
240
253
24
236
218
275
214
240
235
235
186
44
177
186
186
240
240
240
177
217
275
208
247
177
186
236
240
240
240
275
275
275
241
177
177
279
177
177
139
139
197
177
275
279
279
279
295
275
261
296
275
275
275
275
275
177
186
98
72
299
177
240
240
240
261
